618.267129516377 219.57653500361658 634.6572191318721 240.23064111896915 574.8870967741937 287.66129032258084 558.4970071586986 267.0071842072281 prawn 0
340.31892501957157 127.49679299277068 346.7298896108749 217.90049696118746 317.22491021209254 219.99283798140505 310.8139456207892 129.58913401298827 prawn 0
381.27206309354915 71.65344707469725 403.6349091619453 52.81748167720281 467.67635454000214 128.85016461988795 445.313508471606 147.68613001738254 prawn 0
523.9839867001562 77.51567626242958 498.5121729366921 85.39503160277437 519.3007173036722 152.59874404583533 544.7725310671362 144.7193887054905 prawn 0
543.357973892946 133.53094450718422 568.6342893818635 130.99485368107528 578.4968648167317 229.291636137977 553.2205493278141 231.82772696408594 prawn 0
392.5906604489987 186.41071045874804 401.9472379605895 162.34417443475928 484.39902285353514 194.399743859079 475.04244534194436 218.46627988306773 prawn 0
32.046415057320715 315.9158855311356 85.14961534004973 315.9158855311356 85.14961534004972 340.9780034406863 32.04641505732069 340.9780034406863 prawn 0
106.1999550159424 244.4476833486334 153.73858696447843 224.3486721327031 169.28391595179954 261.1168327803988 121.74528400326349 281.2158439963291 prawn 0
32.90322580645163 110.24193548387098 69.53202068327587 94.75552939939861 99.43548387096777 165.48387096774192 62.80668899414352 180.97027705221427 prawn 0
546.2096774193549 40.88709677419354 593.7829178663333 14.897717068072081 626.1345613247788 74.11700319597598 578.5613208778007 100.10638290209745 prawn 0
