0 0.578906 0.638889 0.129688 0.238889 0.584229 0.618065 0.999954 0.598516 0.591105 0.99993 0.610464 0.568773 0.998065 0.546401 0.718277 0.986427
0 0.690625 0.794444 0.084375 0.233333 0.706306 0.80286 0.999826 0.716462 0.851157 0.999803 0.721888 0.890924 0.998056 0.677577 0.687437 0.998694
0 0.482031 0.108333 0.0390625 0.116667 0.482718 0.11236 0.998819 0.483924 0.138895 0.998713 0.483976 0.154761 0.991564 0.478069 0.0550441 0.994278
0 0.125 0.280556 0.0625 0.205556 0.123882 0.276323 0.999234 0.133663 0.32272 0.999577 0.139621 0.359242 0.99744 0.11034 0.189021 0.915324
0 0.0304688 0.293056 0.0609375 0.141667 0.0184876 0.291652 0.991287 0.0309134 0.323062 0.997457 0.0406034 0.344639 0.993944 0.014455 0.223388 0.540273
0 0.603125 0.609722 0.075 0.180556 0.601728 0.590974 0.998925 0.613958 0.572542 0.999576 0.622944 0.556134 0.997975 0.592364 0.618897 0.713935
0 0.0257812 0.175 0.0515625 0.166667 0.0149638 0.19841 0.961604 0.0236508 0.237591 0.947271 0.0306998 0.260393 0.81134 0.00399511 0.122896 0.507455
0 0.0265625 0.211111 0.053125 0.227778 0.015428 0.201152 0.991721 0.0249577 0.243721 0.992237 0.0335233 0.26483 0.95859 0.00914132 0.11741 0.512058
0 0.977344 0.6125 0.0453125 0.152778 0.988498 0.590753 0.705045 0 0 0.378899 0 0 0.199105 0.969627 0.562207 0.983269
0 0.110156 0.219444 0.0890625 0.322222 0.111375 0.229111 0.999865 0.122353 0.283118 0.999677 0.133193 0.317344 0.991753 0.0964588 0.13517 0.954396
0 0.684375 0.0333333 0.065625 0.0666667 0.691678 0.0179842 0.982588 0.699586 0.0154526 0.96806 0.700793 0.0153122 0.82935 0.658612 0.0494079 0.906369
0 0.952344 0.797222 0.0640625 0.15 0.953395 0.791232 0.999799 0.963477 0.827936 0.99984 0.96947 0.855512 0.998363 0.93324 0.726166 0.988466
0 0.8125 0.661111 0.1125 0.216667 0.815825 0.653228 0.99972 0.830879 0.703701 0.995162 0.842361 0.735425 0.604369 0.771027 0.565889 0.997696
0 0.696094 0.0347222 0.0890625 0.0694444 0.695219 0.0214894 0.995434 0.704677 0.0222635 0.98577 0.70821 0.0251955 0.800424 0.657153 0.0561651 0.870107
0 0.640625 0.393056 0.075 0.0861111 0.633329 0.393185 0.999011 0.623795 0.407467 0.998306 0.618413 0.415405 0.988876 0.663975 0.37007 0.997106
0 0.0179687 0.163889 0.0359375 0.177778 0.0125656 0.182699 0.782643 0.0180135 0.216767 0.810922 0.0233989 0.237196 0.724631 0 0 0.368374
