0 0.628125 0.275 0.0625 0.194444 0.634322 0.253041 0.999337 0.63352 0.253249 0.999692 0.632375 0.258639 0.997764 0.617726 0.314777 0.886129
0 0.41875 0.145833 0.071875 0.130556 0.430381 0.141775 0.998524 0.444962 0.118198 0.998216 0.454954 0.101413 0.987789 0.389693 0.201016 0.966224
0 0.967969 0.372222 0.0453125 0.2 0.970817 0.359166 0.999243 0.966784 0.407365 0.999356 0.963561 0.444479 0.993609 0.979598 0.268541 0.933685
0 0.310156 0.9625 0.0765625 0.075 0.318304 0.967187 0.969855 0.320355 0.966156 0.955308 0.320204 0.962864 0.73681 0 0 0.290419
0 0.507031 0.281944 0.0453125 0.125 0.503188 0.268961 0.999407 0.510367 0.296713 0.999695 0.515701 0.318247 0.998496 0.497648 0.209512 0.979883
0 0.938281 0.602778 0.0453125 0.277778 0.941366 0.618639 0.999942 0.933 0.679118 0.999951 0.925657 0.718639 0.999237 0.958218 0.478186 0.998603
0 0.159375 0.548611 0.146875 0.108333 0.186745 0.527335 0.998504 0.212209 0.512734 0.988363 0.229008 0.500266 0.758631 0.0970839 0.589562 0.999146
0 0.985937 0.2 0.028125 0.211111 0.995165 0.199151 0.655985 0.989217 0.240283 0.769605 0.9823 0.27549 0.701552 0 0 0.191671
0 0.925781 0.663889 0.0390625 0.172222 0.935879 0.651083 0.999961 0.927572 0.713134 0.99997 0.921424 0.751925 0.999448 0.952968 0.521937 0.997689
0 0.628125 0.275 0.0625 0.194444 0.634322 0.253041 0.999337 0.63352 0.253249 0.999692 0.632375 0.258639 0.997764 0.617726 0.314777 0.886129 0.713643
0 0.41875 0.145833 0.071875 0.130556 0.430381 0.141775 0.998524 0.444962 0.118198 0.998216 0.454954 0.101413 0.987789 0.389693 0.201016 0.966224 0.337175
0 0.967969 0.372222 0.0453125 0.2 0.970817 0.359166 0.999243 0.966784 0.407365 0.999356 0.963561 0.444479 0.993609 0.979598 0.268541 0.933685 0.316823
0 0.310156 0.9625 0.0765625 0.075 0.318304 0.967187 0.969855 0.320355 0.966156 0.955308 0.320204 0.962864 0.73681 0 0 0.290419 0.222889
0 0.507031 0.281944 0.0453125 0.125 0.503188 0.268961 0.999407 0.510367 0.296713 0.999695 0.515701 0.318247 0.998496 0.497648 0.209512 0.979883 0.221978
0 0.938281 0.602778 0.0453125 0.277778 0.941366 0.618639 0.999942 0.933 0.679118 0.999951 0.925657 0.718639 0.999237 0.958218 0.478186 0.998603 0.194324
0 0.159375 0.548611 0.146875 0.108333 0.186745 0.527335 0.998504 0.212209 0.512734 0.988363 0.229008 0.500266 0.758631 0.0970839 0.589562 0.999146 0.179357
0 0.985937 0.2 0.028125 0.211111 0.995165 0.199151 0.655985 0.989217 0.240283 0.769605 0.9823 0.27549 0.701552 0 0 0.191671 0.166607
0 0.925781 0.663889 0.0390625 0.172222 0.935879 0.651083 0.999961 0.927572 0.713134 0.99997 0.921424 0.751925 0.999448 0.952968 0.521937 0.997689 0.105772
