0 0.498437 0.783333 0.065625 0.238889 0.501577 0.780505 0.999798 0.491191 0.831827 0.999886 0.48418 0.868907 0.999066 0.521563 0.682628 0.984606
0 0.389062 0.320833 0.10625 0.075 0.391314 0.311141 0.999864 0.404948 0.304434 0.999767 0.41468 0.302053 0.997669 0.357904 0.336491 0.999096
0 0.398438 0.729167 0.0625 0.0916667 0.394795 0.724125 0.998473 0.408817 0.71263 0.999589 0.419027 0.708463 0.998859 0.372324 0.754939 0.723325
0 0.185937 0.968056 0.153125 0.0638889 0.182282 0.968708 0.997419 0.151999 0.969696 0.997468 0.133628 0.969623 0.986214 0.243416 0.982255 0.843208
0 0.304688 0.627778 0.046875 0.0888889 0.307251 0.621726 0.999377 0.300367 0.639709 0.999704 0.293336 0.654052 0.998884 0.322672 0.576881 0.990491
0 0.972656 0.781944 0.0546875 0.425 0.979344 0.787983 0.998912 0.971049 0.885732 0.995927 0.963516 0.956805 0.860535 0.992549 0.588054 0.953577
0 0.907812 0.294444 0.096875 0.327778 0.912954 0.290376 0.99986 0.893818 0.362479 0.99909 0.882097 0.408678 0.932209 0.948885 0.146502 0.998539
0 0.982031 0.681944 0.0359375 0.241667 0.99468 0.683123 0.763583 0.990144 0.735412 0.584306 0 0 0.366437 0.988073 0.57644 0.823792
0 0.498437 0.783333 0.065625 0.238889 0.501577 0.780505 0.999798 0.491191 0.831827 0.999886 0.48418 0.868907 0.999066 0.521563 0.682628 0.984606 0.781187
0 0.389062 0.320833 0.10625 0.075 0.391314 0.311141 0.999864 0.404948 0.304434 0.999767 0.41468 0.302053 0.997669 0.357904 0.336491 0.999096 0.695974
0 0.398438 0.729167 0.0625 0.0916667 0.394795 0.724125 0.998473 0.408817 0.71263 0.999589 0.419027 0.708463 0.998859 0.372324 0.754939 0.723325 0.570726
0 0.185937 0.968056 0.153125 0.0638889 0.182282 0.968708 0.997419 0.151999 0.969696 0.997468 0.133628 0.969623 0.986214 0.243416 0.982255 0.843208 0.513004
0 0.304688 0.627778 0.046875 0.0888889 0.307251 0.621726 0.999377 0.300367 0.639709 0.999704 0.293336 0.654052 0.998884 0.322672 0.576881 0.990491 0.498354
0 0.972656 0.781944 0.0546875 0.425 0.979344 0.787983 0.998912 0.971049 0.885732 0.995927 0.963516 0.956805 0.860535 0.992549 0.588054 0.953577 0.199219
0 0.907812 0.294444 0.096875 0.327778 0.912954 0.290376 0.99986 0.893818 0.362479 0.99909 0.882097 0.408678 0.932209 0.948885 0.146502 0.998539 0.1695
0 0.982031 0.681944 0.0359375 0.241667 0.99468 0.683123 0.763583 0.990144 0.735412 0.584306 0 0 0.366437 0.988073 0.57644 0.823792 0.13895
