0 0.478906 0.179167 0.110937 0.158333 0.474737 0.173975 0.999937 0.475573 0.182304 0.999854 0.47681 0.186318 0.996244 0.473795 0.17242 0.988821
0 0.304688 0.269444 0.059375 0.194444 0.305144 0.240399 0.999664 0.313249 0.227246 0.999833 0.320967 0.21734 0.999152 0.296565 0.274151 0.978542
0 0.865625 0.452778 0.078125 0.166667 0.869559 0.454546 0.999614 0.852893 0.482119 0.999812 0.842555 0.50358 0.998992 0.907551 0.394075 0.978227
0 0.373437 0.140278 0.075 0.102778 0.369198 0.14223 0.999103 0.356698 0.158035 0.999206 0.347853 0.1722 0.996243 0.398688 0.0996365 0.993661
0 0.892187 0.434722 0.115625 0.180556 0.886314 0.440007 0.99995 0.865361 0.473659 0.999959 0.85315 0.495075 0.999694 0.931866 0.366178 0.999582
0 0.945312 0.880556 0.109375 0.233333 0.958303 0.876906 0.994735 0.92957 0.92668 0.997569 0.911896 0.965181 0.971049 0 0 0.0401027
0 0.346875 0.705556 0.11875 0.0777778 0.358395 0.693405 0.999771 0.362309 0.699575 0.999238 0.363801 0.699864 0.98379 0.348843 0.685045 0.995218
0 0.478906 0.179167 0.110937 0.158333 0.474737 0.173975 0.999937 0.475573 0.182304 0.999854 0.47681 0.186318 0.996244 0.473795 0.17242 0.988821 0.349581
0 0.304688 0.269444 0.059375 0.194444 0.305144 0.240399 0.999664 0.313249 0.227246 0.999833 0.320967 0.21734 0.999152 0.296565 0.274151 0.978542 0.341344
0 0.865625 0.452778 0.078125 0.166667 0.869559 0.454546 0.999614 0.852893 0.482119 0.999812 0.842555 0.50358 0.998992 0.907551 0.394075 0.978227 0.235147
0 0.373437 0.140278 0.075 0.102778 0.369198 0.14223 0.999103 0.356698 0.158035 0.999206 0.347853 0.1722 0.996243 0.398688 0.0996365 0.993661 0.184383
0 0.892187 0.434722 0.115625 0.180556 0.886314 0.440007 0.99995 0.865361 0.473659 0.999959 0.85315 0.495075 0.999694 0.931866 0.366178 0.999582 0.162279
0 0.945312 0.880556 0.109375 0.233333 0.958303 0.876906 0.994735 0.92957 0.92668 0.997569 0.911896 0.965181 0.971049 0 0 0.0401027 0.107811
0 0.346875 0.705556 0.11875 0.0777778 0.358395 0.693405 0.999771 0.362309 0.699575 0.999238 0.363801 0.699864 0.98379 0.348843 0.685045 0.995218 0.100762
