0 0.28125 0.0347222 0.084375 0.0694444 0.278864 0.0329301 0.998516 0.297029 0.0408144 0.998285 0.30893 0.0472622 0.986102 0.246696 0.0208883 0.896629
0 0.525781 0.476389 0.117188 0.152778 0.531013 0.464993 0.999934 0.551889 0.490338 0.999855 0.566302 0.511354 0.996453 0.477767 0.413082 0.995123
0 0.328906 0.1625 0.0328125 0.0805556 0.332074 0.150792 0.99664 0.32813 0.1557 0.998405 0.324239 0.161251 0.995116 0.336429 0.144002 0.914869
0 0.426562 0.480556 0.090625 0.144444 0.422381 0.485556 0.999458 0.405588 0.511424 0.999506 0.396082 0.52848 0.997188 0.464719 0.41806 0.993505
0 0.373437 0.611111 0.059375 0.183333 0.376863 0.608421 0.999207 0.367058 0.646941 0.999532 0.35958 0.674955 0.997625 0.397182 0.524105 0.988736
0 0.28125 0.0347222 0.084375 0.0694444 0.278864 0.0329301 0.998516 0.297029 0.0408144 0.998285 0.30893 0.0472622 0.986102 0.246696 0.0208883 0.896629 0.556897
0 0.525781 0.476389 0.117188 0.152778 0.531013 0.464993 0.999934 0.551889 0.490338 0.999855 0.566302 0.511354 0.996453 0.477767 0.413082 0.995123 0.361272
0 0.328906 0.1625 0.0328125 0.0805556 0.332074 0.150792 0.99664 0.32813 0.1557 0.998405 0.324239 0.161251 0.995116 0.336429 0.144002 0.914869 0.227726
0 0.426562 0.480556 0.090625 0.144444 0.422381 0.485556 0.999458 0.405588 0.511424 0.999506 0.396082 0.52848 0.997188 0.464719 0.41806 0.993505 0.164506
0 0.373437 0.611111 0.059375 0.183333 0.376863 0.608421 0.999207 0.367058 0.646941 0.999532 0.35958 0.674955 0.997625 0.397182 0.524105 0.988736 0.108247
