0 0.877344 0.605556 0.0921875 0.111111 0.867512 0.587866 0.988951 0.850355 0.570912 0.97793 0.839833 0.558041 0.889606 0.917579 0.637326 0.962656
0 0.363281 0.434722 0.0921875 0.0861111 0.356726 0.430681 0.998449 0.342903 0.441077 0.998028 0.335377 0.44777 0.990346 0.398466 0.409777 0.993038
0 0.300781 0.533333 0.0796875 0.172222 0.300955 0.53188 0.999904 0.283569 0.571203 0.999962 0.272395 0.598308 0.999745 0.334362 0.450501 0.992405
0 0.335156 0.0513889 0.0359375 0.102778 0.337824 0.041319 0.997647 0.334671 0.0683471 0.999208 0.331571 0.0890062 0.995861 0 0 0.20654
0 0.446094 0.0388889 0.0609375 0.0777778 0.438458 0.0313923 0.996868 0.446084 0.0241366 0.993422 0.452654 0.0189897 0.907892 0.430408 0.0671797 0.598639
0 0.478125 0.4875 0.1 0.186111 0.472886 0.473678 0.999885 0.475682 0.484829 0.999656 0.478096 0.488255 0.988584 0.463936 0.469088 0.975398
0 0.529688 0.795833 0.046875 0.152778 0.534423 0.786208 0.998963 0.530128 0.814535 0.999239 0.525973 0.839655 0.995989 0.544634 0.728009 0.975674
0 0.877344 0.605556 0.0921875 0.111111 0.867512 0.587866 0.988951 0.850355 0.570912 0.97793 0.839833 0.558041 0.889606 0.917579 0.637326 0.962656 0.473884
0 0.363281 0.434722 0.0921875 0.0861111 0.356726 0.430681 0.998449 0.342903 0.441077 0.998028 0.335377 0.44777 0.990346 0.398466 0.409777 0.993038 0.39868
0 0.300781 0.533333 0.0796875 0.172222 0.300955 0.53188 0.999904 0.283569 0.571203 0.999962 0.272395 0.598308 0.999745 0.334362 0.450501 0.992405 0.392316
0 0.335156 0.0513889 0.0359375 0.102778 0.337824 0.041319 0.997647 0.334671 0.0683471 0.999208 0.331571 0.0890062 0.995861 0 0 0.20654 0.309232
0 0.446094 0.0388889 0.0609375 0.0777778 0.438458 0.0313923 0.996868 0.446084 0.0241366 0.993422 0.452654 0.0189897 0.907892 0.430408 0.0671797 0.598639 0.131512
0 0.478125 0.4875 0.1 0.186111 0.472886 0.473678 0.999885 0.475682 0.484829 0.999656 0.478096 0.488255 0.988584 0.463936 0.469088 0.975398 0.114263
0 0.529688 0.795833 0.046875 0.152778 0.534423 0.786208 0.998963 0.530128 0.814535 0.999239 0.525973 0.839655 0.995989 0.544634 0.728009 0.975674 0.104776
