0 0.45625 0.590278 0.0875 0.263889 0.461359 0.589373 0.999861 0.456325 0.654928 0.99981 0.453091 0.70084 0.995708 0.471907 0.474162 0.975974
0 0.2625 0.822222 0.0625 0.161111 0.259722 0.822918 0.999168 0.270454 0.857297 0.999118 0.277311 0.883842 0.99234 0.238727 0.753019 0.983955
0 0.66875 0.0930556 0.06875 0.152778 0.669508 0.0969247 0.999866 0.656411 0.12745 0.999857 0.647036 0.14863 0.998661 0.698163 0.0245072 0.998863
0 0.86875 0.559722 0.1125 0.0861111 0.867184 0.548428 0.999523 0.858063 0.547522 0.998665 0.850645 0.5424 0.975769 0.872027 0.555588 0.97321
0 0.535937 0.854167 0.078125 0.147222 0.539953 0.84247 0.999373 0.528945 0.811858 0.999596 0.519272 0.796705 0.997036 0.562924 0.912036 0.895357
0 0.417188 0.266667 0.084375 0.194444 0.418603 0.266215 0.999803 0.435656 0.308761 0.999813 0.445192 0.339008 0.997518 0.392457 0.167199 0.883372
0 0.903125 0.570833 0.184375 0.0916667 0.887741 0.556676 0.99881 0.874563 0.557517 0.993679 0.858097 0.549428 0.832497 0.877838 0.568744 0.86492
0 0.382812 0.8125 0.084375 0.108333 0.37616 0.806674 0.999796 0.36789 0.815532 0.999902 0.361727 0.822855 0.999554 0.40952 0.791612 0.994746
0 0.45625 0.590278 0.0875 0.263889 0.461359 0.589373 0.999861 0.456325 0.654928 0.99981 0.453091 0.70084 0.995708 0.471907 0.474162 0.975974 0.76744
0 0.2625 0.822222 0.0625 0.161111 0.259722 0.822918 0.999168 0.270454 0.857297 0.999118 0.277311 0.883842 0.99234 0.238727 0.753019 0.983955 0.72046
0 0.66875 0.0930556 0.06875 0.152778 0.669508 0.0969247 0.999866 0.656411 0.12745 0.999857 0.647036 0.14863 0.998661 0.698163 0.0245072 0.998863 0.658254
0 0.86875 0.559722 0.1125 0.0861111 0.867184 0.548428 0.999523 0.858063 0.547522 0.998665 0.850645 0.5424 0.975769 0.872027 0.555588 0.97321 0.506887
0 0.535937 0.854167 0.078125 0.147222 0.539953 0.84247 0.999373 0.528945 0.811858 0.999596 0.519272 0.796705 0.997036 0.562924 0.912036 0.895357 0.464856
0 0.417188 0.266667 0.084375 0.194444 0.418603 0.266215 0.999803 0.435656 0.308761 0.999813 0.445192 0.339008 0.997518 0.392457 0.167199 0.883372 0.290727
0 0.903125 0.570833 0.184375 0.0916667 0.887741 0.556676 0.99881 0.874563 0.557517 0.993679 0.858097 0.549428 0.832497 0.877838 0.568744 0.86492 0.20357
0 0.382812 0.8125 0.084375 0.108333 0.37616 0.806674 0.999796 0.36789 0.815532 0.999902 0.361727 0.822855 0.999554 0.40952 0.791612 0.994746 0.151899
