0 0.510156 0.611111 0.0671875 0.166667 0.506084 0.593013 0.999231 0.495379 0.565536 0.998693 0.486775 0.543602 0.987921 0.53337 0.669519 0.992519
0 0.391406 0.0666667 0.0390625 0.116667 0.391053 0.0646241 0.998964 0.386857 0.0865156 0.999427 0.38246 0.10378 0.997509 0.400911 0.0206931 0.968501
0 0.51875 0.881944 0.059375 0.163889 0.523693 0.860605 0.994494 0.517595 0.883843 0.991499 0.512582 0.898996 0.936065 0.539671 0.801573 0.950109
0 0.503906 0.0875 0.0609375 0.0972222 0.497831 0.0842612 0.999595 0.513017 0.0802116 0.99983 0.524324 0.0794089 0.999118 0.475588 0.101645 0.870763
0 0.883594 0.815278 0.0796875 0.102778 0.878783 0.79693 0.989045 0.8639 0.77757 0.983946 0.854004 0.760741 0.935288 0.914507 0.846315 0.935219
0 0.496875 0.731944 0.103125 0.113889 0.501528 0.733769 0.99934 0.515755 0.728711 0.998259 0.526026 0.722581 0.977293 0.477054 0.763276 0.98512
0 0.308594 0.545833 0.0890625 0.147222 0.310104 0.541335 0.999726 0.293078 0.570151 0.999871 0.279856 0.590793 0.999214 0.34391 0.481217 0.975475
0 0.452344 0.7875 0.0359375 0.125 0.453673 0.777097 0.998798 0.45455 0.792755 0.999035 0.456147 0.808879 0.994989 0.453779 0.747034 0.972169
0 0.510156 0.611111 0.0671875 0.166667 0.506084 0.593013 0.999231 0.495379 0.565536 0.998693 0.486775 0.543602 0.987921 0.53337 0.669519 0.992519 0.752177
0 0.391406 0.0666667 0.0390625 0.116667 0.391053 0.0646241 0.998964 0.386857 0.0865156 0.999427 0.38246 0.10378 0.997509 0.400911 0.0206931 0.968501 0.639548
0 0.51875 0.881944 0.059375 0.163889 0.523693 0.860605 0.994494 0.517595 0.883843 0.991499 0.512582 0.898996 0.936065 0.539671 0.801573 0.950109 0.43956
0 0.503906 0.0875 0.0609375 0.0972222 0.497831 0.0842612 0.999595 0.513017 0.0802116 0.99983 0.524324 0.0794089 0.999118 0.475588 0.101645 0.870763 0.34488
0 0.883594 0.815278 0.0796875 0.102778 0.878783 0.79693 0.989045 0.8639 0.77757 0.983946 0.854004 0.760741 0.935288 0.914507 0.846315 0.935219 0.171802
0 0.496875 0.731944 0.103125 0.113889 0.501528 0.733769 0.99934 0.515755 0.728711 0.998259 0.526026 0.722581 0.977293 0.477054 0.763276 0.98512 0.114129
0 0.308594 0.545833 0.0890625 0.147222 0.310104 0.541335 0.999726 0.293078 0.570151 0.999871 0.279856 0.590793 0.999214 0.34391 0.481217 0.975475 0.10097
0 0.452344 0.7875 0.0359375 0.125 0.453673 0.777097 0.998798 0.45455 0.792755 0.999035 0.456147 0.808879 0.994989 0.453779 0.747034 0.972169 0.100117
