0 0.163281 0.606944 0.142188 0.102778 0.1816 0.592958 0.999625 0.196328 0.58627 0.998951 0.204835 0.578899 0.981577 0.117687 0.649805 0.997892
0 0.546875 0.313889 0.075 0.2 0.552912 0.305316 0.999462 0.556522 0.308019 0.999684 0.559335 0.311324 0.997258 0.526649 0.358695 0.948067
0 0.935938 0.952778 0.1125 0.0944444 0.93479 0.938556 0.998355 0.910617 0.939525 0.992726 0.890499 0.936881 0.782873 0.959512 0.94153 0.784302
0 0.202344 0.588889 0.0921875 0.0833333 0.19433 0.582148 0.999829 0.184371 0.591019 0.999667 0.181031 0.595548 0.996498 0.234044 0.581386 0.99832
0 0.900781 0.1875 0.0546875 0.369444 0.902116 0.213396 0.999961 0.893318 0.290679 0.99996 0.888171 0.338187 0.998904 0.919405 0.0428364 0.99255
0 0.276563 0.577778 0.096875 0.0722222 0.271343 0.568074 0.99913 0.267306 0.568046 0.998235 0.26622 0.567908 0.985867 0.282793 0.589278 0.997057
0 0.919531 0.115278 0.0515625 0.230556 0.917873 0.111716 0.998968 0.912333 0.168549 0.998251 0.908407 0.211441 0.970671 0.932926 0.00519873 0.924454
0 0.454688 0.330556 0.046875 0.111111 0.455845 0.317492 0.999543 0.45842 0.34041 0.999842 0.461334 0.360116 0.999318 0.459263 0.277341 0.894641
0 0.889844 0.256944 0.0453125 0.247222 0.897503 0.247016 0.999878 0.890927 0.308029 0.999937 0.885275 0.351025 0.999412 0.912526 0.103557 0.994967
0 0.824219 0.773611 0.0453125 0.213889 0.83312 0.742411 0.999936 0.830809 0.794647 0.99992 0.828942 0.829038 0.998163 0.83346 0.6593 0.995581
0 0.359375 0.240278 0.0375 0.0916667 0.362683 0.232686 0.994545 0.365372 0.223695 0.99442 0.365057 0.217498 0.979491 0.350629 0.260612 0.985186
0 0.832812 0.7125 0.046875 0.247222 0.84073 0.690501 0.999982 0.837113 0.75091 0.999985 0.834595 0.790579 0.999739 0.84599 0.559605 0.998807
0 0.163281 0.606944 0.142188 0.102778 0.1816 0.592958 0.999625 0.196328 0.58627 0.998951 0.204835 0.578899 0.981577 0.117687 0.649805 0.997892 0.541662
0 0.546875 0.313889 0.075 0.2 0.552912 0.305316 0.999462 0.556522 0.308019 0.999684 0.559335 0.311324 0.997258 0.526649 0.358695 0.948067 0.494471
0 0.935938 0.952778 0.1125 0.0944444 0.93479 0.938556 0.998355 0.910617 0.939525 0.992726 0.890499 0.936881 0.782873 0.959512 0.94153 0.784302 0.4467
0 0.202344 0.588889 0.0921875 0.0833333 0.19433 0.582148 0.999829 0.184371 0.591019 0.999667 0.181031 0.595548 0.996498 0.234044 0.581386 0.99832 0.348695
0 0.900781 0.1875 0.0546875 0.369444 0.902116 0.213396 0.999961 0.893318 0.290679 0.99996 0.888171 0.338187 0.998904 0.919405 0.0428364 0.99255 0.326329
0 0.276563 0.577778 0.096875 0.0722222 0.271343 0.568074 0.99913 0.267306 0.568046 0.998235 0.26622 0.567908 0.985867 0.282793 0.589278 0.997057 0.314518
0 0.919531 0.115278 0.0515625 0.230556 0.917873 0.111716 0.998968 0.912333 0.168549 0.998251 0.908407 0.211441 0.970671 0.932926 0.00519873 0.924454 0.24278
0 0.454688 0.330556 0.046875 0.111111 0.455845 0.317492 0.999543 0.45842 0.34041 0.999842 0.461334 0.360116 0.999318 0.459263 0.277341 0.894641 0.23085
0 0.889844 0.256944 0.0453125 0.247222 0.897503 0.247016 0.999878 0.890927 0.308029 0.999937 0.885275 0.351025 0.999412 0.912526 0.103557 0.994967 0.2301
0 0.824219 0.773611 0.0453125 0.213889 0.83312 0.742411 0.999936 0.830809 0.794647 0.99992 0.828942 0.829038 0.998163 0.83346 0.6593 0.995581 0.225221
0 0.359375 0.240278 0.0375 0.0916667 0.362683 0.232686 0.994545 0.365372 0.223695 0.99442 0.365057 0.217498 0.979491 0.350629 0.260612 0.985186 0.201532
0 0.832812 0.7125 0.046875 0.247222 0.84073 0.690501 0.999982 0.837113 0.75091 0.999985 0.834595 0.790579 0.999739 0.84599 0.559605 0.998807 0.115054
