0 0.740625 0.273611 0.08125 0.152778 0.743298 0.28128 0.999559 0.727307 0.308794 0.999681 0.71791 0.325661 0.999079 0.767135 0.219844 0.999151
0 0.61875 0.231944 0.159375 0.0694444 0.634845 0.225249 0.999152 0.66959 0.229443 0.998205 0.692486 0.230145 0.986792 0.545258 0.229062 0.998674
0 0.728906 0.120833 0.120312 0.0638889 0.738731 0.117739 0.999759 0.760771 0.116661 0.999782 0.778537 0.112602 0.999243 0.679596 0.120784 0.998824
0 0.430469 0.159722 0.0984375 0.0916667 0.423623 0.154331 0.999861 0.404405 0.144971 0.99985 0.391569 0.136814 0.99932 0.472029 0.190422 0.99932
0 0.766406 0.544444 0.0609375 0.205556 0.766889 0.568372 0.9964 0.760592 0.611979 0.983812 0.758724 0.637931 0.799752 0.780571 0.456201 0.998463
0 0.634375 0.859722 0.0375 0.147222 0.634162 0.849972 0.998579 0.629633 0.816595 0.999042 0.625125 0.794477 0.99683 0.642288 0.927106 0.995884
0 0.969531 0.0388889 0.0609375 0.0777778 0.974358 0.0237435 0.939753 0.967508 0.0360003 0.975108 0.961095 0.048376 0.963536 0 0 0.333348
0 0.617969 0.238889 0.142188 0.0555556 0.63637 0.225376 0.997485 0.665658 0.233452 0.995085 0.690178 0.246916 0.976771 0.558374 0.235494 0.980259
0 0.429688 0.177778 0.1 0.0777778 0.42346 0.158412 0.998512 0.405557 0.148168 0.99739 0.392228 0.156199 0.987923 0.476637 0.194274 0.983347
0 0.784375 0.7375 0.05 0.102778 0.782131 0.73107 0.998191 0.78258 0.750705 0.999413 0.782422 0.771787 0.999116 0.780427 0.692019 0.980064
0 0.632812 0.822222 0.040625 0.1 0.634972 0.825306 0.999559 0.629428 0.805182 0.99973 0.624346 0.795986 0.999186 0.64436 0.88459 0.996254
