0 0.528125 0.6375 0.103125 0.197222 0.529714 0.64227 0.99964 0.509645 0.60603 0.999547 0.494763 0.581175 0.996996 0.571749 0.730445 0.996163
0 0.499219 0.441667 0.117188 0.0833333 0.506408 0.443835 0.996754 0.529866 0.449717 0.996755 0.5478 0.452693 0.992226 0.455208 0.438643 0.985285
0 0.217187 0.759722 0.05625 0.0527778 0.213474 0.755976 0.992384 0.225168 0.753664 0.989816 0.236879 0.749986 0.980319 0.196622 0.753826 0.995437
0 0.482031 0.780556 0.0828125 0.0611111 0.484068 0.779782 0.991745 0.493848 0.771847 0.991435 0.504125 0.763642 0.983872 0.453311 0.793038 0.995448
0 0.688281 0.273611 0.0515625 0.130556 0.685422 0.271097 0.998595 0.683453 0.260229 0.998594 0.68398 0.252851 0.994503 0.695229 0.30437 0.983362
0 0.811719 0.218056 0.107813 0.202778 0.808289 0.232056 0.999734 0.788921 0.270026 0.99963 0.778208 0.296196 0.997231 0.854581 0.149199 0.998946
0 0.01875 0.676389 0.0375 0.108333 0 0 0.297942 0 0 0.0914334 0 0 0.0546292 0.036184 0.641701 0.799652
0 0.561719 0.597222 0.0640625 0.155556 0.556902 0.604944 0.999792 0.545276 0.567495 0.999737 0.539761 0.540115 0.998792 0.585217 0.690814 0.999441
0 0.228906 0.254167 0.0421875 0.191667 0.21268 0.249836 0.999705 0.223632 0.226412 0.999846 0.233246 0.21376 0.999472 0.176829 0.297318 0.995011
0 0.219531 0.751389 0.0578125 0.0472222 0.220121 0.732575 0.995233 0.229114 0.725494 0.994586 0.237812 0.722899 0.988936 0.2 0.754175 0.996513
0 0.414062 0.501389 0.05625 0.186111 0.413782 0.503206 0.99865 0.420555 0.541023 0.998996 0.425715 0.565264 0.996906 0.406872 0.427155 0.966977
0 0.550781 0.588889 0.0890625 0.144444 0.554031 0.594221 0.999714 0.545281 0.560248 0.999732 0.544825 0.536677 0.999077 0.571112 0.659284 0.998599
