0 0.0257812 0.320833 0.0515625 0.108333 0.0232834 0.314206 0.956414 0.019987 0.299321 0.942119 0.0200684 0.288061 0.856288 0.0435698 0.351209 0.981351
0 0.078125 0.0597222 0.05 0.102778 0.0802121 0.058065 0.997834 0.0848684 0.0728352 0.999179 0.0874754 0.0812689 0.998303 0.0649006 0.0362652 0.949979
0 0.622656 0.820833 0.129688 0.0972222 0.629197 0.824426 0.999092 0.656145 0.831252 0.998778 0.677432 0.833193 0.995822 0.574573 0.796931 0.994573
0 0.855469 0.341667 0.0765625 0.0555556 0.857108 0.34704 0.996362 0.841452 0.347932 0.997293 0.829547 0.344914 0.99419 0.882079 0.344828 0.996706
0 0.229687 0.751389 0.05 0.241667 0.233961 0.768113 0.998946 0.240563 0.827154 0.99944 0.24445 0.868309 0.997923 0.223247 0.635576 0.952202
0 0.946875 0.788889 0.071875 0.0666667 0.947126 0.785376 0.999155 0.95177 0.784613 0.99931 0.958095 0.781388 0.998579 0.943232 0.792289 0.999077
0 0.575781 0.193056 0.0578125 0.180556 0.574085 0.185395 0.999724 0.565979 0.162638 0.999723 0.56266 0.14602 0.998645 0.594492 0.239159 0.998442
0 0.660156 0.623611 0.0984375 0.0861111 0.658352 0.624914 0.997115 0.651492 0.631085 0.998314 0.648614 0.633109 0.996715 0.680187 0.624776 0.97491
0 0.313281 0.495833 0.0890625 0.0527778 0.320773 0.498119 0.99814 0.336666 0.492577 0.998946 0.348504 0.487048 0.997502 0.27155 0.514443 0.982722
0 0.860156 0.35 0.0671875 0.0722222 0.866835 0.384516 0.997881 0.857475 0.396197 0.997177 0.853225 0.403469 0.992507 0.879576 0.350363 0.999466
0 0.021875 0.875 0.04375 0.144444 0 0 0.307119 0 0 0.0944933 0 0 0.0553366 0.0407419 0.836083 0.799008
0 0.303906 0.502778 0.104687 0.0555556 0.317582 0.497021 0.999273 0.337089 0.491755 0.999326 0.350147 0.486041 0.997445 0.265572 0.534378 0.990784
0 0.696875 0.798611 0.084375 0.0916667 0.692866 0.794846 0.999661 0.691965 0.800629 0.999617 0.696503 0.808214 0.99902 0.692938 0.781972 0.998245
