0 0.833594 0.941667 0.129688 0.105556 0.837216 0.930758 0.999752 0.86732 0.947405 0.998216 0.888178 0.95607 0.912593 0.770971 0.907055 0.994919
0 0.971094 0.415278 0.0578125 0.113889 0.978599 0.411457 0.993301 0.980503 0.412464 0.988934 0.976906 0.410532 0.908967 0.959371 0.3922 0.564409
0 0.758594 0.773611 0.0453125 0.191667 0.765456 0.768674 0.99977 0.764417 0.787743 0.999864 0.762655 0.803613 0.998772 0.758488 0.774657 0.981847
0 0.496875 0.318056 0.08125 0.208333 0.508853 0.284213 0.999544 0.513103 0.267882 0.99955 0.515966 0.260157 0.995471 0.486711 0.362057 0.980201
0 0.852344 0.1 0.0453125 0.2 0.853847 0.0892438 0.997703 0.848603 0.139817 0.998317 0.845272 0.178241 0.986504 0.865681 0 0.585514
0 0.763281 0.744444 0.0453125 0.233333 0.77273 0.718858 0.999978 0.766726 0.770388 0.999987 0.762943 0.799533 0.99986 0.7811 0.61096 0.998808
0 0.394531 0.334722 0.0609375 0.0805556 0.39306 0.324947 0.998631 0.407538 0.327113 0.999348 0.418227 0.334654 0.997746 0.37116 0.325946 0.907391
0 0.978906 0.234722 0.0359375 0.141667 0.981446 0.233938 0.970631 0.978677 0.257518 0.95449 0.973292 0.274824 0.875025 0.980354 0.178259 0.993826
0 0.784375 0.605556 0.034375 0.155556 0.790952 0.611107 0.99998 0.784705 0.666128 0.999981 0.779354 0.696146 0.999691 0.799579 0.493272 0.999663
0 0.788281 0.572222 0.0328125 0.188889 0.795172 0.577968 0.999975 0.789516 0.632428 0.999976 0.784246 0.662437 0.999586 0.803996 0.459819 0.999622
0 0.855469 0.0930556 0.0390625 0.175 0.853144 0.0940056 0.986164 0.850081 0.14462 0.992136 0.848976 0.172416 0.977246 0.859712 0.00558467 0.642716
0 0.792188 0.541667 0.034375 0.188889 0.79841 0.541825 0.999953 0.795162 0.590131 0.999963 0.792179 0.62107 0.999554 0.803921 0.433023 0.999313
0 0.794531 0.519444 0.0359375 0.161111 0.799495 0.521787 0.999922 0.796377 0.565567 0.999947 0.79335 0.596728 0.999542 0.804176 0.422219 0.998998
0 0.771875 0.698611 0.040625 0.219444 0.781853 0.678651 0.999952 0.774764 0.730032 0.999966 0.769897 0.75673 0.999677 0.791229 0.566733 0.998825
0 0.778125 0.643056 0.0375 0.141667 0.78379 0.648024 0.999985 0.77877 0.70264 0.999987 0.77543 0.733297 0.999802 0.791538 0.529935 0.999496
0 0.84375 0.109722 0.04375 0.219444 0.847719 0.137779 0.999973 0.840942 0.204962 0.999977 0.836869 0.245337 0.999428 0.862533 0.0183427 0.991529
0 0.302344 0.226389 0.0453125 0.0861111 0.303446 0.221846 0.997077 0.304188 0.225384 0.997517 0.302822 0.230835 0.990917 0.303292 0.211531 0.985603
0 0.824219 0.247222 0.0359375 0.188889 0.832673 0.247176 0.999894 0.827083 0.293981 0.999947 0.822746 0.326647 0.99963 0.842899 0.149212 0.995835
0 0.797656 0.5 0.0359375 0.144444 0.799759 0.502043 0.999908 0.797152 0.543867 0.999935 0.794931 0.572815 0.999472 0.80314 0.410612 0.998267
0 0.510156 0.295833 0.0515625 0.163889 0.514679 0.267481 0.998555 0.518639 0.250524 0.997958 0.519832 0.243886 0.979783 0.498908 0.321199 0.924827
0 0.972656 0.388889 0.0546875 0.15 0.981303 0.389735 0.998403 0.980593 0.395423 0.997895 0.977122 0.397017 0.987682 0.96434 0.376956 0.981124
0 0.832812 0.208333 0.04375 0.261111 0.835537 0.220874 0.999958 0.828947 0.279985 0.999975 0.825682 0.317275 0.99969 0.845569 0.0964134 0.988319
