0 0.5875 0.276389 0.0625 0.186111 0.594263 0.254132 0.999198 0.595194 0.249416 0.999612 0.595173 0.250441 0.997337 0.581437 0.309706 0.862354
0 0.470313 0.286111 0.046875 0.0944444 0.467575 0.280919 0.999081 0.478339 0.266853 0.999608 0.485965 0.265573 0.998683 0.451408 0.317928 0.94687
0 0.382812 0.161111 0.05625 0.116667 0.389124 0.159884 0.998381 0.400593 0.142247 0.998758 0.407836 0.130148 0.995851 0.357345 0.201089 0.993732
0 0.942969 0.247222 0.0546875 0.227778 0.946292 0.222441 0.999832 0.937348 0.289421 0.99985 0.931022 0.330726 0.997195 0.966298 0.0690874 0.992028
0 0.945312 0.197222 0.05625 0.316667 0.949715 0.210995 0.999913 0.936921 0.280941 0.999933 0.927949 0.325058 0.998705 0.97648 0.051889 0.991077
0 0.953906 0.163889 0.0609375 0.327778 0.95298 0.171151 0.999726 0.941885 0.239447 0.999727 0.933324 0.290892 0.996373 0.978482 0.0263013 0.988717
0 0.865625 0.719444 0.04375 0.188889 0.872705 0.721017 0.999763 0.865603 0.770531 0.999898 0.860228 0.800357 0.999104 0.887359 0.613845 0.978334
0 0.964063 0.136111 0.05 0.272222 0.961195 0.122405 0.999035 0.953816 0.185164 0.998788 0.950365 0.234903 0.98426 0.97798 0.0211148 0.776774
0 0.278906 0.972222 0.0734375 0.0555556 0.284052 0.973828 0.97738 0.290093 0.966065 0.978892 0.292847 0.958791 0.905458 0 0 0.416054
0 0.873438 0.695833 0.05 0.236111 0.87904 0.689069 0.999844 0.872646 0.746588 0.999896 0.867945 0.788431 0.999078 0.889344 0.557253 0.992076
0 0.128906 0.548611 0.129688 0.102778 0.151438 0.533048 0.999626 0.169174 0.523171 0.999334 0.180008 0.517729 0.992031 0.0819568 0.590674 0.996732
0 0.913281 0.436111 0.0546875 0.222222 0.919393 0.420095 0.999914 0.912484 0.475006 0.999948 0.907198 0.51728 0.999541 0.929498 0.300567 0.993108
0 0.920313 0.923611 0.15625 0.141667 0.91169 0.913814 0.997589 0.870631 0.897304 0.9981 0.844177 0.88724 0.977282 0 0 0.0582615
0 0.939844 0.270833 0.0453125 0.219444 0.941504 0.256976 0.999517 0.93408 0.314213 0.999499 0.930153 0.352618 0.993115 0.960205 0.139205 0.986433
