0 0.34375 0.0791667 0.053125 0.136111 0.352228 0.0624546 0.999725 0.355907 0.0470948 0.999295 0.357134 0.0308729 0.989476 0.330013 0.12088 0.999158
0 0.379687 0.229167 0.05625 0.186111 0.38276 0.217677 0.999808 0.387552 0.192584 0.99973 0.391127 0.174512 0.997135 0.365957 0.306589 0.998186
0 0.550781 0.413889 0.0359375 0.127778 0.549209 0.410714 0.999127 0.553477 0.435859 0.999345 0.556997 0.459378 0.997176 0.546715 0.357823 0.996039
0 0.959375 0.206944 0.06875 0.125 0.962109 0.209499 0.984173 0.948654 0.228851 0.978745 0.936915 0.24245 0.935837 0.983337 0.155216 0.993083
0 0.364844 0.198611 0.0390625 0.202778 0.371042 0.186584 0.999951 0.376941 0.165191 0.999876 0.382992 0.153582 0.99702 0.361608 0.267952 0.997219
0 0.817969 0.409722 0.0921875 0.0638889 0.823069 0.403154 0.999072 0.84625 0.406362 0.999165 0.861419 0.413158 0.995588 0.765023 0.410913 0.986835
0 0.277344 0.786111 0.0921875 0.116667 0.277017 0.789071 0.999557 0.279913 0.781212 0.999706 0.282776 0.767445 0.996435 0 0 0.235273
0 0.0140625 0.798611 0.028125 0.202778 0.0190538 0.813402 0.969429 0.0183127 0.845003 0.967213 0.0171635 0.866416 0.876356 0.0195815 0.741697 0.594138
0 0.34375 0.0791667 0.053125 0.136111 0.352228 0.0624546 0.999725 0.355907 0.0470948 0.999295 0.357134 0.0308729 0.989476 0.330013 0.12088 0.999158 0.466577
0 0.379687 0.229167 0.05625 0.186111 0.38276 0.217677 0.999808 0.387552 0.192584 0.99973 0.391127 0.174512 0.997135 0.365957 0.306589 0.998186 0.447307
0 0.550781 0.413889 0.0359375 0.127778 0.549209 0.410714 0.999127 0.553477 0.435859 0.999345 0.556997 0.459378 0.997176 0.546715 0.357823 0.996039 0.205833
0 0.959375 0.206944 0.06875 0.125 0.962109 0.209499 0.984173 0.948654 0.228851 0.978745 0.936915 0.24245 0.935837 0.983337 0.155216 0.993083 0.203328
0 0.364844 0.198611 0.0390625 0.202778 0.371042 0.186584 0.999951 0.376941 0.165191 0.999876 0.382992 0.153582 0.99702 0.361608 0.267952 0.997219 0.174105
0 0.817969 0.409722 0.0921875 0.0638889 0.823069 0.403154 0.999072 0.84625 0.406362 0.999165 0.861419 0.413158 0.995588 0.765023 0.410913 0.986835 0.133235
0 0.277344 0.786111 0.0921875 0.116667 0.277017 0.789071 0.999557 0.279913 0.781212 0.999706 0.282776 0.767445 0.996435 0 0 0.235273 0.119832
0 0.0140625 0.798611 0.028125 0.202778 0.0190538 0.813402 0.969429 0.0183127 0.845003 0.967213 0.0171635 0.866416 0.876356 0.0195815 0.741697 0.594138 0.108689
