0 0.233594 0.268056 0.0453125 0.169444 0.234695 0.264715 0.998854 0.232658 0.251948 0.99884 0.230364 0.24757 0.991088 0.241056 0.325833 0.95949
0 0.525 0.640278 0.121875 0.213889 0.530757 0.63462 0.999869 0.514213 0.593205 0.999714 0.498395 0.563163 0.994103 0.566936 0.73139 0.997135
0 0.80625 0.244444 0.090625 0.15 0.807394 0.24406 0.999854 0.790254 0.275031 0.999942 0.778263 0.295786 0.99966 0.844933 0.175044 0.987873
0 0.732813 0.601389 0.071875 0.147222 0.739163 0.619109 0.999444 0.7304 0.645933 0.999627 0.722402 0.660953 0.998478 0.756578 0.540847 0.997862
0 0.0203125 0.672222 0.040625 0.116667 0 0 0.246741 0 0 0.0815253 0 0 0.0435289 0.0298503 0.63696 0.697664
0 0.686719 0.275 0.0546875 0.122222 0.689275 0.270964 0.989055 0.695672 0.294869 0.986419 0.700341 0.314548 0.931399 0.676709 0.225852 0.892666
0 0.598437 0.211111 0.121875 0.133333 0.61737 0.201147 0.999554 0.641897 0.184944 0.998893 0.656845 0.17287 0.973667 0.543932 0.27538 0.922073
0 0.233594 0.268056 0.0453125 0.169444 0.234695 0.264715 0.998854 0.232658 0.251948 0.99884 0.230364 0.24757 0.991088 0.241056 0.325833 0.95949 0.686132
0 0.525 0.640278 0.121875 0.213889 0.530757 0.63462 0.999869 0.514213 0.593205 0.999714 0.498395 0.563163 0.994103 0.566936 0.73139 0.997135 0.627554
0 0.80625 0.244444 0.090625 0.15 0.807394 0.24406 0.999854 0.790254 0.275031 0.999942 0.778263 0.295786 0.99966 0.844933 0.175044 0.987873 0.470891
0 0.732813 0.601389 0.071875 0.147222 0.739163 0.619109 0.999444 0.7304 0.645933 0.999627 0.722402 0.660953 0.998478 0.756578 0.540847 0.997862 0.391353
0 0.0203125 0.672222 0.040625 0.116667 0 0 0.246741 0 0 0.0815253 0 0 0.0435289 0.0298503 0.63696 0.697664 0.307514
0 0.686719 0.275 0.0546875 0.122222 0.689275 0.270964 0.989055 0.695672 0.294869 0.986419 0.700341 0.314548 0.931399 0.676709 0.225852 0.892666 0.181733
0 0.598437 0.211111 0.121875 0.133333 0.61737 0.201147 0.999554 0.641897 0.184944 0.998893 0.656845 0.17287 0.973667 0.543932 0.27538 0.922073 0.124452
