0 0.710156 0.234722 0.0578125 0.341667 0.712111 0.228212 0.999761 0.714294 0.301794 0.998568 0.716894 0.353202 0.925744 0.706627 0.0717775 0.994846
0 0.625 0.502778 0.05625 0.133333 0.623089 0.503413 0.999233 0.632801 0.53396 0.999395 0.640084 0.55755 0.995963 0.606917 0.442556 0.97954
0 0.0140625 0.586111 0.028125 0.161111 0.00810907 0.603808 0.891652 0.0113164 0.629589 0.954352 0.0135462 0.647499 0.943692 0 0 0.451608
0 0.767969 0.523611 0.0859375 0.169444 0.772417 0.528751 0.999773 0.754999 0.563272 0.999892 0.743117 0.584844 0.999369 0.804592 0.455565 0.989523
0 0.485938 0.316667 0.0375 0.116667 0.485358 0.300025 0.99931 0.489071 0.305436 0.999609 0.492018 0.312385 0.998459 0.477652 0.310032 0.994693
0 0.175781 0.131944 0.0484375 0.186111 0.177681 0.107041 0.999634 0.173082 0.0837396 0.998717 0.169069 0.0643086 0.970515 0.17802 0.199711 0.995992
0 0.399219 0.15 0.0609375 0.25 0.40017 0.138604 0.999848 0.403017 0.0928557 0.999752 0.403805 0.0629895 0.997742 0.397875 0.256032 0.999263
0 0.0195312 0.145833 0.0390625 0.152778 0.0139365 0.13421 0.894924 0.0163873 0.146383 0.918908 0.0207415 0.154914 0.823051 0 0 0.389819
0 0.767969 0.351389 0.0640625 0.0861111 0.769039 0.344952 0.995904 0.775053 0.362299 0.996476 0.779575 0.375223 0.983086 0.757669 0.326749 0.886277
0 0.235156 0.536111 0.0359375 0.127778 0.238553 0.554143 0.966728 0.238746 0.575069 0.956662 0.234838 0.587929 0.910894 0.231375 0.489052 0.952447
0 0.710156 0.234722 0.0578125 0.341667 0.712111 0.228212 0.999761 0.714294 0.301794 0.998568 0.716894 0.353202 0.925744 0.706627 0.0717775 0.994846 0.56495
0 0.625 0.502778 0.05625 0.133333 0.623089 0.503413 0.999233 0.632801 0.53396 0.999395 0.640084 0.55755 0.995963 0.606917 0.442556 0.97954 0.521309
0 0.0140625 0.586111 0.028125 0.161111 0.00810907 0.603808 0.891652 0.0113164 0.629589 0.954352 0.0135462 0.647499 0.943692 0 0 0.451608 0.486096
0 0.767969 0.523611 0.0859375 0.169444 0.772417 0.528751 0.999773 0.754999 0.563272 0.999892 0.743117 0.584844 0.999369 0.804592 0.455565 0.989523 0.388448
0 0.485938 0.316667 0.0375 0.116667 0.485358 0.300025 0.99931 0.489071 0.305436 0.999609 0.492018 0.312385 0.998459 0.477652 0.310032 0.994693 0.307324
0 0.175781 0.131944 0.0484375 0.186111 0.177681 0.107041 0.999634 0.173082 0.0837396 0.998717 0.169069 0.0643086 0.970515 0.17802 0.199711 0.995992 0.248363
0 0.399219 0.15 0.0609375 0.25 0.40017 0.138604 0.999848 0.403017 0.0928557 0.999752 0.403805 0.0629895 0.997742 0.397875 0.256032 0.999263 0.23996
0 0.0195312 0.145833 0.0390625 0.152778 0.0139365 0.13421 0.894924 0.0163873 0.146383 0.918908 0.0207415 0.154914 0.823051 0 0 0.389819 0.174275
0 0.767969 0.351389 0.0640625 0.0861111 0.769039 0.344952 0.995904 0.775053 0.362299 0.996476 0.779575 0.375223 0.983086 0.757669 0.326749 0.886277 0.125305
0 0.235156 0.536111 0.0359375 0.127778 0.238553 0.554143 0.966728 0.238746 0.575069 0.956662 0.234838 0.587929 0.910894 0.231375 0.489052 0.952447 0.100138
