0 0.533594 0.5 0.132812 0.127778 0.540709 0.486099 0.99968 0.564966 0.46781 0.999448 0.583927 0.453624 0.994418 0.476306 0.537233 0.998563
0 0.0382813 0.898611 0.0546875 0.202778 0.0354483 0.88799 0.998438 0.0418375 0.935808 0.987695 0.0455896 0.963846 0.621918 0.0233908 0.804327 0.975532
0 0.246094 0.684722 0.0328125 0.152778 0.249868 0.697618 0.999374 0.249805 0.729364 0.998815 0.248395 0.743739 0.984745 0.24384 0.614203 0.999663
0 0.749219 0.723611 0.0640625 0.330556 0.751161 0.709799 0.999487 0.755234 0.785041 0.997345 0.757544 0.846761 0.894718 0.742548 0.559019 0.996765
0 0.210938 0.901389 0.06875 0.186111 0.216624 0.89121 0.999679 0.212048 0.864766 0.99979 0.208141 0.842221 0.998207 0.220847 0.923211 0.9556
0 0.533594 0.5 0.132812 0.127778 0.540709 0.486099 0.99968 0.564966 0.46781 0.999448 0.583927 0.453624 0.994418 0.476306 0.537233 0.998563 0.69274
0 0.0382813 0.898611 0.0546875 0.202778 0.0354483 0.88799 0.998438 0.0418375 0.935808 0.987695 0.0455896 0.963846 0.621918 0.0233908 0.804327 0.975532 0.538588
0 0.246094 0.684722 0.0328125 0.152778 0.249868 0.697618 0.999374 0.249805 0.729364 0.998815 0.248395 0.743739 0.984745 0.24384 0.614203 0.999663 0.480756
0 0.749219 0.723611 0.0640625 0.330556 0.751161 0.709799 0.999487 0.755234 0.785041 0.997345 0.757544 0.846761 0.894718 0.742548 0.559019 0.996765 0.229056
0 0.210938 0.901389 0.06875 0.186111 0.216624 0.89121 0.999679 0.212048 0.864766 0.99979 0.208141 0.842221 0.998207 0.220847 0.923211 0.9556 0.212265
