0 0.976562 0.413889 0.03125 0.105556 0.974352 0.412453 0.995835 0.977326 0.430573 0.994308 0.978836 0.442601 0.973834 0.971135 0.363256 0.994283
0 0.613281 0.131944 0.0515625 0.175 0.618468 0.110853 0.999313 0.61328 0.150769 0.999797 0.608164 0.190714 0.99895 0.631375 0.0433646 0.834338
0 0.875 0.230556 0.046875 0.105556 0.877494 0.220267 0.999355 0.883942 0.23765 0.999559 0.888434 0.254542 0.997428 0.866682 0.19546 0.961639
0 0.957812 0.163889 0.08125 0.0611111 0.970817 0.161757 0.986473 0.977028 0.162574 0.964587 0.976299 0.164266 0.685084 0.93443 0.176834 0.78483
0 0.985937 0.295833 0.028125 0.0638889 0.997727 0.295739 0.543407 0.994302 0.29583 0.521594 0.990032 0.294577 0.573434 0.985441 0.293275 0.944787
0 0.732813 0.686111 0.05 0.1 0.734071 0.688819 0.979432 0.732503 0.703489 0.984279 0.729776 0.714123 0.969097 0.735059 0.663977 0.852582
0 0.0179687 0.45 0.0359375 0.222222 0.0216897 0.43643 0.993656 0.0241043 0.490084 0.989855 0.0261762 0.526388 0.926402 0.0127949 0.343999 0.776866
0 0.978125 0.911111 0.04375 0.138889 0.989816 0.892102 0.854284 0.98859 0.898855 0.697736 0 0 0.288658 0.965081 0.881595 0.629276
0 0.040625 0.433333 0.06875 0.2 0.0447829 0.434139 0.999942 0.0508921 0.480234 0.999951 0.0559556 0.509015 0.999432 0.0292784 0.342127 0.992853
0 0.121875 0.663889 0.053125 0.194444 0.125623 0.634946 0.999332 0.12485 0.636633 0.99893 0.121403 0.641355 0.984396 0.113602 0.663948 0.95885
0 0.0429688 0.256944 0.0390625 0.236111 0.0422551 0.20952 0.999941 0.0417317 0.247707 0.999812 0.0429338 0.271681 0.990305 0.0404209 0.180743 0.951862
0 0.980469 0.358333 0.0359375 0.194444 0.993652 0.333576 0.855439 0.992126 0.338965 0.86913 0.983768 0.34628 0.845434 0.982287 0.302706 0.870202
0 0.976562 0.413889 0.03125 0.105556 0.974352 0.412453 0.995835 0.977326 0.430573 0.994308 0.978836 0.442601 0.973834 0.971135 0.363256 0.994283 0.569935
0 0.613281 0.131944 0.0515625 0.175 0.618468 0.110853 0.999313 0.61328 0.150769 0.999797 0.608164 0.190714 0.99895 0.631375 0.0433646 0.834338 0.438863
0 0.875 0.230556 0.046875 0.105556 0.877494 0.220267 0.999355 0.883942 0.23765 0.999559 0.888434 0.254542 0.997428 0.866682 0.19546 0.961639 0.435162
0 0.957812 0.163889 0.08125 0.0611111 0.970817 0.161757 0.986473 0.977028 0.162574 0.964587 0.976299 0.164266 0.685084 0.93443 0.176834 0.78483 0.397448
0 0.985937 0.295833 0.028125 0.0638889 0.997727 0.295739 0.543407 0.994302 0.29583 0.521594 0.990032 0.294577 0.573434 0.985441 0.293275 0.944787 0.299412
0 0.732813 0.686111 0.05 0.1 0.734071 0.688819 0.979432 0.732503 0.703489 0.984279 0.729776 0.714123 0.969097 0.735059 0.663977 0.852582 0.243873
0 0.0179687 0.45 0.0359375 0.222222 0.0216897 0.43643 0.993656 0.0241043 0.490084 0.989855 0.0261762 0.526388 0.926402 0.0127949 0.343999 0.776866 0.214156
0 0.978125 0.911111 0.04375 0.138889 0.989816 0.892102 0.854284 0.98859 0.898855 0.697736 0 0 0.288658 0.965081 0.881595 0.629276 0.197527
0 0.040625 0.433333 0.06875 0.2 0.0447829 0.434139 0.999942 0.0508921 0.480234 0.999951 0.0559556 0.509015 0.999432 0.0292784 0.342127 0.992853 0.187678
0 0.121875 0.663889 0.053125 0.194444 0.125623 0.634946 0.999332 0.12485 0.636633 0.99893 0.121403 0.641355 0.984396 0.113602 0.663948 0.95885 0.158828
0 0.0429688 0.256944 0.0390625 0.236111 0.0422551 0.20952 0.999941 0.0417317 0.247707 0.999812 0.0429338 0.271681 0.990305 0.0404209 0.180743 0.951862 0.112246
0 0.980469 0.358333 0.0359375 0.194444 0.993652 0.333576 0.855439 0.992126 0.338965 0.86913 0.983768 0.34628 0.845434 0.982287 0.302706 0.870202 0.107331
