0 0.257812 0.626389 0.103125 0.0861111 0.25695 0.623118 0.99913 0.28192 0.62027 0.999634 0.298881 0.619924 0.997693 0 0 0.359891
0 0.767187 0.233333 0.128125 0.288889 0.775995 0.203693 0.99977 0.750213 0.277525 0.999976 0.730565 0.339271 0.999825 0 0 0.236336
0 0.20625 0.893056 0.0625 0.191667 0.213474 0.86952 0.998267 0.20129 0.908308 0.996664 0.190923 0.933809 0.938282 0.230745 0.804058 0.783248
0 0.633594 0.265278 0.0609375 0.113889 0.629213 0.271526 0.998566 0.620684 0.294401 0.998551 0.613985 0.310059 0.994435 0.651518 0.212678 0.997414
0 0.190625 0.475 0.0625 0.15 0.199701 0.469908 0.99863 0.202278 0.462052 0.998799 0.204269 0.454213 0.989022 0.199362 0.491041 0.595434
0 0.0101562 0.368056 0.0203125 0.202778 0.0127362 0.334687 0.926928 0.0138889 0.301809 0.748198 0 0 0.315648 0.00225384 0.442899 0.877606
0 0.015625 0.758333 0.03125 0.122222 0.0143763 0.756822 0.67645 0.0125764 0.764125 0.649527 0.0127789 0.766967 0.60937 0.0215171 0.735392 0.848005
0 0.257812 0.626389 0.103125 0.0861111 0.25695 0.623118 0.99913 0.28192 0.62027 0.999634 0.298881 0.619924 0.997693 0 0 0.359891 0.710442
0 0.767187 0.233333 0.128125 0.288889 0.775995 0.203693 0.99977 0.750213 0.277525 0.999976 0.730565 0.339271 0.999825 0 0 0.236336 0.699462
0 0.20625 0.893056 0.0625 0.191667 0.213474 0.86952 0.998267 0.20129 0.908308 0.996664 0.190923 0.933809 0.938282 0.230745 0.804058 0.783248 0.501416
0 0.633594 0.265278 0.0609375 0.113889 0.629213 0.271526 0.998566 0.620684 0.294401 0.998551 0.613985 0.310059 0.994435 0.651518 0.212678 0.997414 0.169805
0 0.190625 0.475 0.0625 0.15 0.199701 0.469908 0.99863 0.202278 0.462052 0.998799 0.204269 0.454213 0.989022 0.199362 0.491041 0.595434 0.155245
0 0.0101562 0.368056 0.0203125 0.202778 0.0127362 0.334687 0.926928 0.0138889 0.301809 0.748198 0 0 0.315648 0.00225384 0.442899 0.877606 0.106609
0 0.015625 0.758333 0.03125 0.122222 0.0143763 0.756822 0.67645 0.0125764 0.764125 0.649527 0.0127789 0.766967 0.60937 0.0215171 0.735392 0.848005 0.105304
