0 0.546875 0.341667 0.134375 0.155556 0.570306 0.316621 0.999869 0.600002 0.299352 0.999453 0.622187 0.290487 0.985924 0.48895 0.389706 0.999253
0 0.965625 0.726389 0.04375 0.175 0.971604 0.690853 0.991922 0.970315 0.658774 0.960237 0.967397 0.632782 0.643306 0.966642 0.794481 0.989424
0 0.76875 0.558333 0.071875 0.288889 0.771426 0.560655 0.999572 0.77779 0.62055 0.999197 0.782833 0.667938 0.984684 0.753592 0.436166 0.993499
0 0.225781 0.801389 0.0359375 0.152778 0.225576 0.791606 0.999732 0.228168 0.828563 0.999761 0.230139 0.85211 0.998051 0.219909 0.730296 0.993894
0 0.0125 0.481944 0.025 0.213889 0 0 0.330765 0.00580818 0.532146 0.705823 0.00840749 0.558753 0.84996 0 0 0.146056
0 0.546875 0.341667 0.134375 0.155556 0.570306 0.316621 0.999869 0.600002 0.299352 0.999453 0.622187 0.290487 0.985924 0.48895 0.389706 0.999253 0.696606
0 0.965625 0.726389 0.04375 0.175 0.971604 0.690853 0.991922 0.970315 0.658774 0.960237 0.967397 0.632782 0.643306 0.966642 0.794481 0.989424 0.628596
0 0.76875 0.558333 0.071875 0.288889 0.771426 0.560655 0.999572 0.77779 0.62055 0.999197 0.782833 0.667938 0.984684 0.753592 0.436166 0.993499 0.515304
0 0.225781 0.801389 0.0359375 0.152778 0.225576 0.791606 0.999732 0.228168 0.828563 0.999761 0.230139 0.85211 0.998051 0.219909 0.730296 0.993894 0.21134
0 0.0125 0.481944 0.025 0.213889 0 0 0.330765 0.00580818 0.532146 0.705823 0.00840749 0.558753 0.84996 0 0 0.146056 0.141565
