0 0.704687 0.6125 0.128125 0.313889 0.703384 0.625294 0.99999 0.675798 0.688336 0.999991 0.659191 0.733694 0.999829 0.763309 0.479866 0.999648
0 0.646875 0.175 0.15625 0.138889 0.65161 0.169807 0.999943 0.684465 0.194768 0.99991 0.709584 0.215999 0.998516 0.584379 0.13148 0.99301
0 0.075 0.327778 0.06875 0.216667 0.0804159 0.323298 0.999735 0.0718336 0.36316 0.999766 0.0659252 0.400557 0.998285 0.10232 0.231597 0.995806
0 0.184375 0.561111 0.0625 0.272222 0.187298 0.547373 0.999925 0.190138 0.512159 0.999943 0.189671 0.491531 0.999326 0.173944 0.665848 0.993297
0 0.0523437 0.836111 0.0453125 0.172222 0.052951 0.813438 0.999555 0.0520117 0.824263 0.999573 0.0521948 0.832409 0.995068 0.0496504 0.82952 0.950805
0 0.226562 0.358333 0.0625 0.144444 0.228774 0.358757 0.999917 0.218925 0.389744 0.999961 0.213536 0.407724 0.999784 0.250323 0.277976 0.997046
0 0.110156 0.204167 0.0421875 0.108333 0.111059 0.199409 0.996668 0.106322 0.217728 0.997523 0.101924 0.231365 0.99156 0.12127 0.154875 0.990825
0 0.8125 0.184722 0.065625 0.125 0.810875 0.186071 0.999325 0.807026 0.189689 0.998362 0.804061 0.188516 0.984194 0.81728 0.19852 0.998476
0 0.983594 0.168056 0.0328125 0.152778 0.991068 0.138338 0.933923 0.989486 0.109383 0.90622 0.984799 0.0904542 0.751731 0.984168 0.197358 0.900724
0 0.614844 0.226389 0.0890625 0.0527778 0.630481 0.202197 0.999861 0.652617 0.213978 0.999732 0.670383 0.22576 0.996737 0.586026 0.176066 0.996354
0 0.616406 0.159722 0.0921875 0.108333 0.63564 0.157731 0.997738 0.660112 0.170804 0.993501 0.676994 0.174948 0.957914 0.575346 0.128371 0.998083
0 0.0875 0.263889 0.059375 0.127778 0.091719 0.271249 0.999946 0.0837397 0.313291 0.999929 0.0796934 0.336025 0.999304 0.111397 0.190627 0.999546
0 0.240625 0.223611 0.046875 0.152778 0.237623 0.23434 0.999617 0.229566 0.263418 0.999619 0.224547 0.279918 0.997848 0.257477 0.15408 0.999339
0 0.130469 0.877778 0.0484375 0.0722222 0.13561 0.879111 0.994429 0.133173 0.861749 0.99706 0.128473 0.85115 0.984752 0 0 0.42963
0 0.789844 0.158333 0.110937 0.116667 0.780267 0.14695 0.999783 0.766044 0.135915 0.999715 0.75546 0.126454 0.997889 0.819236 0.180284 0.998609
0 0.704687 0.6125 0.128125 0.313889 0.703384 0.625294 0.99999 0.675798 0.688336 0.999991 0.659191 0.733694 0.999829 0.763309 0.479866 0.999648 0.818051
0 0.646875 0.175 0.15625 0.138889 0.65161 0.169807 0.999943 0.684465 0.194768 0.99991 0.709584 0.215999 0.998516 0.584379 0.13148 0.99301 0.577746
0 0.075 0.327778 0.06875 0.216667 0.0804159 0.323298 0.999735 0.0718336 0.36316 0.999766 0.0659252 0.400557 0.998285 0.10232 0.231597 0.995806 0.525614
0 0.184375 0.561111 0.0625 0.272222 0.187298 0.547373 0.999925 0.190138 0.512159 0.999943 0.189671 0.491531 0.999326 0.173944 0.665848 0.993297 0.484582
0 0.0523437 0.836111 0.0453125 0.172222 0.052951 0.813438 0.999555 0.0520117 0.824263 0.999573 0.0521948 0.832409 0.995068 0.0496504 0.82952 0.950805 0.470359
0 0.226562 0.358333 0.0625 0.144444 0.228774 0.358757 0.999917 0.218925 0.389744 0.999961 0.213536 0.407724 0.999784 0.250323 0.277976 0.997046 0.448527
0 0.110156 0.204167 0.0421875 0.108333 0.111059 0.199409 0.996668 0.106322 0.217728 0.997523 0.101924 0.231365 0.99156 0.12127 0.154875 0.990825 0.424751
0 0.8125 0.184722 0.065625 0.125 0.810875 0.186071 0.999325 0.807026 0.189689 0.998362 0.804061 0.188516 0.984194 0.81728 0.19852 0.998476 0.382486
0 0.983594 0.168056 0.0328125 0.152778 0.991068 0.138338 0.933923 0.989486 0.109383 0.90622 0.984799 0.0904542 0.751731 0.984168 0.197358 0.900724 0.34378
0 0.614844 0.226389 0.0890625 0.0527778 0.630481 0.202197 0.999861 0.652617 0.213978 0.999732 0.670383 0.22576 0.996737 0.586026 0.176066 0.996354 0.324859
0 0.616406 0.159722 0.0921875 0.108333 0.63564 0.157731 0.997738 0.660112 0.170804 0.993501 0.676994 0.174948 0.957914 0.575346 0.128371 0.998083 0.218349
0 0.0875 0.263889 0.059375 0.127778 0.091719 0.271249 0.999946 0.0837397 0.313291 0.999929 0.0796934 0.336025 0.999304 0.111397 0.190627 0.999546 0.200269
0 0.240625 0.223611 0.046875 0.152778 0.237623 0.23434 0.999617 0.229566 0.263418 0.999619 0.224547 0.279918 0.997848 0.257477 0.15408 0.999339 0.16255
0 0.130469 0.877778 0.0484375 0.0722222 0.13561 0.879111 0.994429 0.133173 0.861749 0.99706 0.128473 0.85115 0.984752 0 0 0.42963 0.145649
0 0.789844 0.158333 0.110937 0.116667 0.780267 0.14695 0.999783 0.766044 0.135915 0.999715 0.75546 0.126454 0.997889 0.819236 0.180284 0.998609 0.130554
