0 0.641406 0.152778 0.148438 0.133333 0.647145 0.151172 0.999972 0.680544 0.173624 0.999953 0.705067 0.194903 0.999177 0.569838 0.108772 0.999332
0 0.696094 0.602778 0.135937 0.305556 0.701078 0.599895 0.999907 0.671671 0.664325 0.999949 0.649131 0.717972 0.999361 0.75557 0.475435 0.991009
0 0.110937 0.0888889 0.046875 0.161111 0.109761 0.0863962 0.999489 0.103244 0.12146 0.99969 0.0987689 0.150717 0.998389 0.124518 0.0170575 0.988754
0 0.813281 0.181944 0.0640625 0.130556 0.813363 0.176905 0.99881 0.808824 0.177279 0.997243 0.807219 0.173203 0.977385 0.818023 0.199892 0.996973
0 0.175 0.180556 0.04375 0.161111 0.175368 0.177077 0.999684 0.168282 0.206913 0.99972 0.162336 0.227366 0.998278 0.193219 0.109469 0.9989
0 0.984375 0.184722 0.03125 0.141667 0.993452 0.185477 0.938519 0.992083 0.204478 0.899174 0.988556 0.215638 0.724432 0.984013 0.131909 0.933109
0 0.765625 0.259722 0.08125 0.119444 0.770808 0.25269 0.999885 0.769305 0.260904 0.999955 0.769025 0.267816 0.999798 0.776646 0.233637 0.987796
0 0.475781 0.344444 0.0359375 0.127778 0.47699 0.350654 0.992257 0.479143 0.374562 0.984968 0.480933 0.388836 0.913263 0.470059 0.288897 0.998131
0 0.0398437 0.138889 0.0796875 0.272222 0.0377429 0.139855 0.999746 0.0209325 0.205815 0.999801 0.0124048 0.24761 0.995999 0.0763998 0.016406 0.524944
0 0.0640625 0.283333 0.06875 0.283333 0.0657836 0.288897 0.999734 0.0544811 0.343375 0.999871 0.0467424 0.391576 0.999121 0.0887909 0.169704 0.972644
0 0.641406 0.152778 0.148438 0.133333 0.647145 0.151172 0.999972 0.680544 0.173624 0.999953 0.705067 0.194903 0.999177 0.569838 0.108772 0.999332 0.749195
0 0.696094 0.602778 0.135937 0.305556 0.701078 0.599895 0.999907 0.671671 0.664325 0.999949 0.649131 0.717972 0.999361 0.75557 0.475435 0.991009 0.731334
0 0.110937 0.0888889 0.046875 0.161111 0.109761 0.0863962 0.999489 0.103244 0.12146 0.99969 0.0987689 0.150717 0.998389 0.124518 0.0170575 0.988754 0.573907
0 0.813281 0.181944 0.0640625 0.130556 0.813363 0.176905 0.99881 0.808824 0.177279 0.997243 0.807219 0.173203 0.977385 0.818023 0.199892 0.996973 0.554988
0 0.175 0.180556 0.04375 0.161111 0.175368 0.177077 0.999684 0.168282 0.206913 0.99972 0.162336 0.227366 0.998278 0.193219 0.109469 0.9989 0.452359
0 0.984375 0.184722 0.03125 0.141667 0.993452 0.185477 0.938519 0.992083 0.204478 0.899174 0.988556 0.215638 0.724432 0.984013 0.131909 0.933109 0.438875
0 0.765625 0.259722 0.08125 0.119444 0.770808 0.25269 0.999885 0.769305 0.260904 0.999955 0.769025 0.267816 0.999798 0.776646 0.233637 0.987796 0.380095
0 0.475781 0.344444 0.0359375 0.127778 0.47699 0.350654 0.992257 0.479143 0.374562 0.984968 0.480933 0.388836 0.913263 0.470059 0.288897 0.998131 0.335513
0 0.0398437 0.138889 0.0796875 0.272222 0.0377429 0.139855 0.999746 0.0209325 0.205815 0.999801 0.0124048 0.24761 0.995999 0.0763998 0.016406 0.524944 0.115909
0 0.0640625 0.283333 0.06875 0.283333 0.0657836 0.288897 0.999734 0.0544811 0.343375 0.999871 0.0467424 0.391576 0.999121 0.0887909 0.169704 0.972644 0.113212
