0 0.501562 0.148611 0.11875 0.136111 0.505516 0.137953 0.999745 0.529399 0.121072 0.999688 0.548837 0.109535 0.99744 0.449394 0.187409 0.995118
0 0.634375 0.133333 0.046875 0.133333 0.634231 0.123613 0.998626 0.628225 0.159147 0.999664 0.622982 0.184051 0.998947 0.645769 0.0618379 0.888793
0 0.107813 0.0861111 0.05 0.172222 0.103984 0.0776496 0.999062 0.113988 0.118179 0.999694 0.120326 0.153368 0.998536 0.0902315 0 0.645573
0 0.0882813 0.934722 0.0453125 0.119444 0.0849653 0.924922 0.99697 0.0899406 0.948539 0.996287 0.0914587 0.966388 0.970463 0.0736783 0.886034 0.963527
0 0.0484375 0.273611 0.059375 0.180556 0.0450397 0.246446 0.999591 0.0409598 0.2755 0.999563 0.0400365 0.299368 0.994715 0.0586401 0.236531 0.94539
0 0.0382813 0.736111 0.0578125 0.177778 0.0381412 0.716933 0.993466 0.0312413 0.698552 0.963319 0.0249788 0.682036 0.653892 0.0532074 0.804732 0.998732
0 0.345313 0.230556 0.0625 0.0444444 0.343927 0.226483 0.999083 0.352078 0.225199 0.999217 0.357565 0.226866 0.996203 0.325657 0.243633 0.980852
0 0.248437 0.663889 0.034375 0.111111 0.252125 0.680539 0.979261 0.255456 0.704539 0.932034 0.257346 0.713643 0.712576 0.240607 0.616453 0.998406
0 0.733594 0.395833 0.0734375 0.363889 0.738216 0.393461 0.999815 0.741486 0.475019 0.999549 0.74476 0.540483 0.985801 0.728285 0.221563 0.994741
0 0.175781 0.136111 0.0359375 0.166667 0.176736 0.122177 0.999128 0.173659 0.129769 0.999003 0.172215 0.136472 0.993165 0.176929 0.146285 0.99393
0 0.501562 0.148611 0.11875 0.136111 0.505516 0.137953 0.999745 0.529399 0.121072 0.999688 0.548837 0.109535 0.99744 0.449394 0.187409 0.995118 0.750016
0 0.634375 0.133333 0.046875 0.133333 0.634231 0.123613 0.998626 0.628225 0.159147 0.999664 0.622982 0.184051 0.998947 0.645769 0.0618379 0.888793 0.700562
0 0.107813 0.0861111 0.05 0.172222 0.103984 0.0776496 0.999062 0.113988 0.118179 0.999694 0.120326 0.153368 0.998536 0.0902315 0 0.645573 0.673556
0 0.0882813 0.934722 0.0453125 0.119444 0.0849653 0.924922 0.99697 0.0899406 0.948539 0.996287 0.0914587 0.966388 0.970463 0.0736783 0.886034 0.963527 0.497949
0 0.0484375 0.273611 0.059375 0.180556 0.0450397 0.246446 0.999591 0.0409598 0.2755 0.999563 0.0400365 0.299368 0.994715 0.0586401 0.236531 0.94539 0.415504
0 0.0382813 0.736111 0.0578125 0.177778 0.0381412 0.716933 0.993466 0.0312413 0.698552 0.963319 0.0249788 0.682036 0.653892 0.0532074 0.804732 0.998732 0.376219
0 0.345313 0.230556 0.0625 0.0444444 0.343927 0.226483 0.999083 0.352078 0.225199 0.999217 0.357565 0.226866 0.996203 0.325657 0.243633 0.980852 0.355057
0 0.248437 0.663889 0.034375 0.111111 0.252125 0.680539 0.979261 0.255456 0.704539 0.932034 0.257346 0.713643 0.712576 0.240607 0.616453 0.998406 0.276407
0 0.733594 0.395833 0.0734375 0.363889 0.738216 0.393461 0.999815 0.741486 0.475019 0.999549 0.74476 0.540483 0.985801 0.728285 0.221563 0.994741 0.203351
0 0.175781 0.136111 0.0359375 0.166667 0.176736 0.122177 0.999128 0.173659 0.129769 0.999003 0.172215 0.136472 0.993165 0.176929 0.146285 0.99393 0.172403
