0 0.0554687 0.941667 0.107813 0.116667 0.0389393 0.934126 0.980217 0.0150104 0.914173 0.728039 0 0 0.0568282 0.0944974 0.98862 0.870911
0 0.632031 0.659722 0.0484375 0.247222 0.636064 0.65478 0.999282 0.639085 0.610173 0.996963 0.639479 0.578322 0.948045 0.623986 0.772386 0.999165
0 0.592969 0.394444 0.0484375 0.138889 0.592125 0.39441 0.999344 0.585217 0.423226 0.999645 0.579318 0.444572 0.998467 0.60941 0.329959 0.993815
0 0.025 0.345833 0.05 0.0972222 0.0109913 0.345011 0.876211 0.00811984 0.344859 0.667497 0 0 0.236223 0.0383895 0.322701 0.840775
0 0.190625 0.380556 0.059375 0.122222 0.1921 0.371451 0.993063 0.200804 0.385348 0.989812 0.206229 0.392669 0.945058 0.171206 0.335895 0.966888
0 0.790625 0.372222 0.078125 0.0611111 0.789411 0.369264 0.998344 0.771081 0.367605 0.998688 0.758953 0.3667 0.99066 0.826315 0.385007 0.752203
0 0.0554687 0.941667 0.107813 0.116667 0.0389393 0.934126 0.980217 0.0150104 0.914173 0.728039 0 0 0.0568282 0.0944974 0.98862 0.870911 0.754538
0 0.632031 0.659722 0.0484375 0.247222 0.636064 0.65478 0.999282 0.639085 0.610173 0.996963 0.639479 0.578322 0.948045 0.623986 0.772386 0.999165 0.607572
0 0.592969 0.394444 0.0484375 0.138889 0.592125 0.39441 0.999344 0.585217 0.423226 0.999645 0.579318 0.444572 0.998467 0.60941 0.329959 0.993815 0.515437
0 0.025 0.345833 0.05 0.0972222 0.0109913 0.345011 0.876211 0.00811984 0.344859 0.667497 0 0 0.236223 0.0383895 0.322701 0.840775 0.362893
0 0.190625 0.380556 0.059375 0.122222 0.1921 0.371451 0.993063 0.200804 0.385348 0.989812 0.206229 0.392669 0.945058 0.171206 0.335895 0.966888 0.255371
0 0.790625 0.372222 0.078125 0.0611111 0.789411 0.369264 0.998344 0.771081 0.367605 0.998688 0.758953 0.3667 0.99066 0.826315 0.385007 0.752203 0.120028
