0 0.160156 0.0986111 0.0734375 0.197222 0.162728 0.0835411 0.999337 0.174569 0.13574 0.999729 0.18034 0.174226 0.997861 0 0 0.363448
0 0.719531 0.351389 0.0703125 0.358333 0.721644 0.333416 0.999908 0.726834 0.409915 0.999802 0.731718 0.474162 0.993051 0.706076 0.175922 0.994769
0 0.021875 0.643056 0.04375 0.197222 0.0119864 0.636035 0.816388 0 0 0.294324 0 0 0.0491343 0.0296643 0.734879 0.993255
0 0.503125 0.0972222 0.153125 0.177778 0.514008 0.0785464 0.9999 0.538867 0.0619137 0.999537 0.557183 0.0513481 0.976842 0.438074 0.168753 0.991701
0 0.310937 0.920833 0.05625 0.158333 0.308981 0.922476 0.998506 0.315414 0.954148 0.997102 0.317765 0.970478 0.948989 0.296737 0.854237 0.708327
0 0.0421875 0.0736111 0.0625 0.147222 0.0404865 0.0474634 0.998286 0.0467595 0.0949747 0.999815 0.0505248 0.12722 0.999395 0 0 0.101003
0 0.288281 0.198611 0.0609375 0.0638889 0.291946 0.190693 0.998661 0.285141 0.183521 0.999244 0.279616 0.18255 0.995728 0.303288 0.207267 0.648336
0 0.160156 0.0986111 0.0734375 0.197222 0.162728 0.0835411 0.999337 0.174569 0.13574 0.999729 0.18034 0.174226 0.997861 0 0 0.363448 0.648404
0 0.719531 0.351389 0.0703125 0.358333 0.721644 0.333416 0.999908 0.726834 0.409915 0.999802 0.731718 0.474162 0.993051 0.706076 0.175922 0.994769 0.639238
0 0.021875 0.643056 0.04375 0.197222 0.0119864 0.636035 0.816388 0 0 0.294324 0 0 0.0491343 0.0296643 0.734879 0.993255 0.637511
0 0.503125 0.0972222 0.153125 0.177778 0.514008 0.0785464 0.9999 0.538867 0.0619137 0.999537 0.557183 0.0513481 0.976842 0.438074 0.168753 0.991701 0.604166
0 0.310937 0.920833 0.05625 0.158333 0.308981 0.922476 0.998506 0.315414 0.954148 0.997102 0.317765 0.970478 0.948989 0.296737 0.854237 0.708327 0.513073
0 0.0421875 0.0736111 0.0625 0.147222 0.0404865 0.0474634 0.998286 0.0467595 0.0949747 0.999815 0.0505248 0.12722 0.999395 0 0 0.101003 0.204732
0 0.288281 0.198611 0.0609375 0.0638889 0.291946 0.190693 0.998661 0.285141 0.183521 0.999244 0.279616 0.18255 0.995728 0.303288 0.207267 0.648336 0.176908
