0 0.379687 0.752778 0.065625 0.0944444 0.381018 0.75491 0.999444 0.3705 0.740874 0.99967 0.361757 0.73243 0.997727 0.404501 0.792157 0.936193
0 0.738281 0.631944 0.120312 0.0916667 0.734713 0.623085 0.998983 0.712269 0.613738 0.998595 0.697198 0.603628 0.994072 0.791174 0.651039 0.997638
0 0.682031 0.959722 0.0765625 0.0416667 0.681213 0.953915 0.988137 0.680375 0.954221 0.962726 0.67958 0.950271 0.745615 0.689167 0.962655 0.939091
0 0.584375 0.961111 0.115625 0.0777778 0.589006 0.976422 0.991431 0.612139 0.977181 0.973153 0.626117 0.970909 0.784089 0.532063 0.966036 0.935396
0 0.314063 0.729167 0.0625 0.119444 0.324187 0.720061 0.999494 0.331002 0.718284 0.999625 0.334524 0.715997 0.997969 0.308282 0.720876 0.988615
0 0.235156 0.583333 0.0328125 0.0666667 0.236085 0.577825 0.993791 0.234926 0.578762 0.994323 0.23353 0.579501 0.981164 0.234713 0.584058 0.983663
0 0.551562 0.670833 0.046875 0.102778 0.557361 0.65244 0.992252 0.560785 0.656698 0.98439 0.561076 0.657155 0.914567 0.543677 0.649452 0.98634
0 0.683594 0.6125 0.0859375 0.0805556 0.689862 0.611939 0.99872 0.667317 0.612599 0.999279 0.652621 0.615196 0.996898 0.741079 0.618898 0.879164
0 0.310156 0.268056 0.120312 0.0472222 0.320036 0.265913 0.999529 0.344081 0.261513 0.99818 0.360934 0.260869 0.975548 0.255373 0.287672 0.999032
0 0.6 0.279167 0.075 0.219444 0.605001 0.248519 0.999778 0.601417 0.264178 0.999772 0.597499 0.275573 0.996573 0.599006 0.276121 0.924571
0 0.379687 0.752778 0.065625 0.0944444 0.381018 0.75491 0.999444 0.3705 0.740874 0.99967 0.361757 0.73243 0.997727 0.404501 0.792157 0.936193 0.753728
0 0.738281 0.631944 0.120312 0.0916667 0.734713 0.623085 0.998983 0.712269 0.613738 0.998595 0.697198 0.603628 0.994072 0.791174 0.651039 0.997638 0.667468
0 0.682031 0.959722 0.0765625 0.0416667 0.681213 0.953915 0.988137 0.680375 0.954221 0.962726 0.67958 0.950271 0.745615 0.689167 0.962655 0.939091 0.507383
0 0.584375 0.961111 0.115625 0.0777778 0.589006 0.976422 0.991431 0.612139 0.977181 0.973153 0.626117 0.970909 0.784089 0.532063 0.966036 0.935396 0.435433
0 0.314063 0.729167 0.0625 0.119444 0.324187 0.720061 0.999494 0.331002 0.718284 0.999625 0.334524 0.715997 0.997969 0.308282 0.720876 0.988615 0.328491
0 0.235156 0.583333 0.0328125 0.0666667 0.236085 0.577825 0.993791 0.234926 0.578762 0.994323 0.23353 0.579501 0.981164 0.234713 0.584058 0.983663 0.253476
0 0.551562 0.670833 0.046875 0.102778 0.557361 0.65244 0.992252 0.560785 0.656698 0.98439 0.561076 0.657155 0.914567 0.543677 0.649452 0.98634 0.216575
0 0.683594 0.6125 0.0859375 0.0805556 0.689862 0.611939 0.99872 0.667317 0.612599 0.999279 0.652621 0.615196 0.996898 0.741079 0.618898 0.879164 0.185805
0 0.310156 0.268056 0.120312 0.0472222 0.320036 0.265913 0.999529 0.344081 0.261513 0.99818 0.360934 0.260869 0.975548 0.255373 0.287672 0.999032 0.148857
0 0.6 0.279167 0.075 0.219444 0.605001 0.248519 0.999778 0.601417 0.264178 0.999772 0.597499 0.275573 0.996573 0.599006 0.276121 0.924571 0.101996
