0 0.782812 0.534722 0.06875 0.280556 0.78066 0.547595 0.999533 0.778766 0.615093 0.999361 0.7777 0.656411 0.991831 0.78424 0.406504 0.997362 0.76751
0 0.516406 0.361111 0.0734375 0.105556 0.521111 0.356714 0.99823 0.533749 0.336968 0.998374 0.545931 0.320424 0.99644 0.492516 0.396234 0.997537 0.583013
0 0.971094 0.806944 0.0578125 0.180556 0.982196 0.799469 0.988296 0.982215 0.77299 0.989395 0.978388 0.759599 0.963752 0.962885 0.87675 0.956361 0.478221
0 0.734375 0.0958333 0.0875 0.0527778 0.729615 0.0913326 0.999596 0.736302 0.0958325 0.999562 0.743966 0.0960803 0.998879 0.712044 0.0932474 0.999438 0.425674
0 0.727344 0.261111 0.0703125 0.144444 0.735925 0.258935 0.999359 0.723594 0.284541 0.999735 0.714391 0.300586 0.999285 0.753782 0.200565 0.997871 0.391964
0 0.678906 0.8375 0.0484375 0.175 0.677203 0.835784 0.999244 0.677312 0.830065 0.999335 0.676712 0.827419 0.997284 0.682766 0.872662 0.99324 0.38587
0 0.611719 0.227778 0.151562 0.0666667 0.631613 0.220073 0.996842 0.665693 0.224289 0.993932 0.687343 0.224508 0.970816 0.543691 0.236764 0.986723 0.271439
0 0.747656 0.102778 0.110937 0.0555556 0.742075 0.0945874 0.999778 0.746581 0.099056 0.999728 0.752616 0.0980917 0.999101 0.747232 0.10974 0.999388 0.263239
0 0.733594 0.106944 0.0921875 0.0583333 0.734662 0.0910795 0.997487 0.749381 0.101448 0.995367 0.760301 0.113134 0.982315 0.70693 0.0986219 0.988202 0.202399
0 0.722656 0.0902778 0.0640625 0.0527778 0.727517 0.0890747 0.999291 0.735135 0.0925296 0.999527 0.742227 0.0930675 0.999003 0.702748 0.0812466 0.997929 0.168871
0 0.528906 0.358333 0.0546875 0.1 0.519254 0.361994 0.991784 0.532913 0.334916 0.997475 0.547825 0.325385 0.997804 0.491119 0.414366 0.988997 0.141666
0 0.810156 0.948611 0.0546875 0.0972222 0.826042 0.941524 0.998807 0.818294 0.953062 0.999603 0.809935 0.960638 0.999139 0.821011 0.923442 0.946469 0.125449
