0 0.832812 0.563889 0.0875 0.2 0.838767 0.572242 0.999531 0.822759 0.613695 0.999806 0.810965 0.640791 0.999321 0.868055 0.483305 0.995674 0.758511
0 0.0398437 0.695833 0.0796875 0.113889 0.0281529 0.684198 0.982064 0.0183403 0.703321 0.858359 0 0 0.303976 0.0705016 0.647083 0.962696 0.709605
0 0.580469 0.629167 0.142188 0.225 0.579579 0.628887 0.999851 0.551124 0.583834 0.99969 0.530581 0.550717 0.995993 0.643792 0.739527 0.999145 0.667992
0 0.597656 0.65 0.107813 0.183333 0.588262 0.641896 0.99866 0.565845 0.609515 0.99706 0.551619 0.588502 0.975094 0.64203 0.733101 0.997459 0.570339
0 0.74375 0.726389 0.078125 0.197222 0.740595 0.739921 0.999737 0.734002 0.699032 0.999886 0.729002 0.675409 0.99963 0.758894 0.819027 0.983944 0.554321
0 0.963281 0.318056 0.0734375 0.130556 0.977043 0.308697 0.886028 0.982585 0.305741 0.577688 0 0 0.160532 0.941138 0.35895 0.974197 0.511404
0 0.4125 0.433333 0.03125 0.238889 0.413889 0.430141 0.9987 0.412818 0.394319 0.999009 0.410598 0.377675 0.996758 0.412801 0.510452 0.978071 0.424155
0 0.975 0.768056 0.05 0.225 0.984936 0.769812 0.924696 0.975265 0.814675 0.976018 0.96561 0.845934 0.964472 0 0 0.441834 0.400935
0 0.297656 0.451389 0.0921875 0.186111 0.303685 0.465239 0.999574 0.320323 0.495337 0.999533 0.331645 0.516942 0.998428 0.263921 0.406055 0.995369 0.25026
0 0.785156 0.865278 0.0703125 0.0694444 0.783994 0.861284 0.997026 0.777244 0.8714 0.998589 0.771954 0.876354 0.997395 0.799365 0.841804 0.969451 0.237508
0 0.965625 0.929167 0.06875 0.141667 0.984615 0.930432 0.811732 0.972776 0.925448 0.914454 0.959079 0.923848 0.856775 0 0 0.0248766 0.101231
