0 0.754687 0.702778 0.128125 0.172222 0.753182 0.707967 0.999888 0.726968 0.742454 0.999926 0.708929 0.761471 0.999514 0.815383 0.634555 0.99923 0.806077
0 0.655469 0.784722 0.0640625 0.241667 0.651725 0.797352 0.999843 0.64825 0.816325 0.999883 0.645468 0.824927 0.999427 0.651109 0.757441 0.99815 0.710577
0 0.258594 0.913889 0.0828125 0.172222 0.267363 0.916902 0.999135 0.253544 0.953089 0.99944 0.244191 0.974879 0.99748 0.289288 0.842061 0.993048 0.563297
0 0.540625 0.243056 0.103125 0.197222 0.542727 0.227656 0.999565 0.526587 0.191689 0.999034 0.516667 0.165947 0.991479 0.579708 0.320173 0.999498 0.491097
0 0.241406 0.745833 0.0640625 0.152778 0.240689 0.753666 0.998659 0.229449 0.780754 0.998498 0.223963 0.796687 0.994386 0.264434 0.690125 0.999083 0.454723
0 0.0929687 0.173611 0.0984375 0.0527778 0.101327 0.169182 0.997222 0.124541 0.176958 0.997522 0.139017 0.181068 0.993924 0.0492451 0.16906 0.974219 0.411249
0 0.26875 0.4625 0.059375 0.108333 0.272447 0.475097 0.999824 0.262197 0.453682 0.999875 0.255716 0.439225 0.999565 0.295993 0.521013 0.998483 0.34484
0 0.021875 0.165278 0.04375 0.0583333 0.0197725 0.160189 0.73356 0.0190657 0.160244 0.745706 0.0227235 0.162301 0.641571 0.0448098 0.167246 0.536502 0.275129
0 0.274219 0.523611 0.0640625 0.213889 0.28138 0.513626 0.997326 0.272303 0.472434 0.99747 0.266794 0.450251 0.993878 0.292014 0.579167 0.995106 0.257452
0 0.964063 0.552778 0.0625 0.05 0.965499 0.551233 0.918416 0.974874 0.553933 0.916506 0.984074 0.552308 0.903906 0.946771 0.551666 0.98988 0.251704
0 0.144531 0.809722 0.0671875 0.125 0.13738 0.804094 0.998426 0.146484 0.815277 0.999579 0.154047 0.823091 0.999089 0.134624 0.80438 0.617522 0.234661
0 0.0890625 0.184722 0.103125 0.0583333 0.100253 0.172366 0.989482 0.122731 0.175828 0.990074 0.140868 0.183856 0.975719 0.0614773 0.169434 0.867297 0.197942
0 0.271875 0.490278 0.0625 0.158333 0.274265 0.483521 0.999801 0.262646 0.45091 0.999872 0.254108 0.435258 0.999507 0.292504 0.558734 0.998065 0.177512
0 0.536719 0.611111 0.0703125 0.2 0.534631 0.610093 0.99968 0.533718 0.604068 0.999736 0.534686 0.601396 0.99883 0.53866 0.644104 0.994678 0.103399
0 0.988281 0.119444 0.0234375 0.155556 0 0 0.121522 0 0 0.185557 0 0 0.344277 0 0 0.388025 0.102842
