52.36229604982452 107.93554828271705 123.48894723529426 69.07888164584415 174.33125233727225 162.1450968785732 103.20460115180252 201.00176351544616 prawn 0
201.45161290322582 150.56451612903223 285.7258064516129 150.56451612903223 285.7258064516129 189.27419354838707 201.45161290322582 189.27419354838707 prawn 0
468.3870967741936 238.46774193548384 526.5372076322423 206.70019158903958 576.0311784503118 297.2982974703108 517.8810675922633 329.06584781675514 prawn 0
534.9193548387098 174.3548387096774 632.9032258064517 174.3548387096774 632.9032258064517 207.01612903225805 534.9193548387098 207.01612903225805 prawn 0
356.5606799538612 193.01747420898408 430.6418738972092 215.9334729100225 396.5005487820577 326.30309547523194 322.4193548387097 303.3870967741935 prawn 0
520.9433268426599 94.70039161147407 556.7005149038968 113.77285188041512 514.0434376512418 193.74665242620983 478.286249590005 174.6741921572688 prawn 0
393.3870967741936 157.41935483870967 434.5161290322581 157.41935483870967 434.5161290322581 240.0806451612903 393.3870967741936 240.0806451612903 prawn 0
401.50210062666565 138.45193671016185 476.45161290322585 92.5 497.3270261268393 126.54866370595204 422.37751385027934 172.50060041611385 prawn 0
501.79759431785124 19.282643984803062 525.42219939149 35.445105898215225 481.12460507363875 100.19471997792833 457.50000000000006 84.03225806451613 prawn 0
287.9559203757377 64.3532081618801 350.5901310991693 -0.13739018938212566 399.8387096774194 47.69354838709676 337.20449895398775 112.18414673835895 prawn 0
444.1935483870968 43.709677419354826 415.16129032258067 43.709677419354826 415.16129032258067 0.0 444.1935483870968 0.0 prawn 0
383.3064516129033 1.3709677419354749 411.12903225806457 1.3709677419354749 411.12903225806457 57.419354838709666 383.3064516129033 57.419354838709666 o 0
