57.500000000000014 81.61290322580645 20.000000000000007 81.61290322580645 20.000000000000007 155.8064516129032 57.500000000000014 155.8064516129032 prawn 0
278.87096774193554 144.91935483870967 376.45161290322585 144.91935483870967 376.45161290322585 184.0322580645161 278.87096774193554 184.0322580645161 prawn 0
493.0939713523247 274.0503729816604 584.775457002282 302.4107799112567 571.9060286476753 344.01414314737184 480.224542997718 315.65373621777553 prawn 0
558.3064516129033 207.41935483870967 605.8870967741935 207.41935483870967 605.8870967741935 299.758064516129 558.3064516129033 299.758064516129 prawn 0
397.0161290322581 173.54838709677418 428.96809061704323 183.43228706108235 408.2633555553885 250.36506680410832 376.3113939706035 240.48116683980018 prawn 0
373.2950909382507 151.75242458316794 445.21933173143873 137.1726591780465 452.1887800294912 171.55402702973527 380.26453923630334 186.13379243485667 prawn 0
92.17741935483872 28.790322580645153 136.1290322580645 28.790322580645153 136.1290322580645 97.33870967741935 92.17741935483872 97.33870967741935 prawn 0
239.75806451612902 102.58064516129032 290.5645161290323 102.58064516129032 290.5645161290323 191.69354838709677 239.75806451612902 191.69354838709677 prawn 0
309.1129032258065 -0.8870967741935658 369.1935483870968 -0.8870967741935658 369.1935483870968 88.85483870967741 309.1129032258065 88.85483870967741 prawn 0
589.758064516129 48.951612903225794 628.0645161290323 48.951612903225794 628.0645161290323 141.69354838709677 589.758064516129 141.69354838709677 prawn 0
