0 0.6 0.263889 0.14375 0.194444 0.610203 0.243079 0.999942 0.637752 0.212374 0.999816 0.658966 0.187987 0.995469 0.534111 0.340093 0.999445
0 0.325 0.5625 0.06875 0.208333 0.33197 0.568348 0.99909 0.342279 0.612207 0.999255 0.347076 0.647382 0.995087 0.308321 0.465948 0.974176
0 0.6 0.263889 0.14375 0.194444 0.610203 0.243079 0.999942 0.637752 0.212374 0.999816 0.658966 0.187987 0.995469 0.534111 0.340093 0.999445
0 0.325 0.5625 0.06875 0.208333 0.33197 0.568348 0.99909 0.342279 0.612207 0.999255 0.347076 0.647382 0.995087 0.308321 0.465948 0.974176
0 0.6 0.263889 0.14375 0.194444 0.610203 0.243079 0.999942 0.637752 0.212374 0.999816 0.658966 0.187987 0.995469 0.534111 0.340093 0.999445
0 0.325 0.5625 0.06875 0.208333 0.33197 0.568348 0.99909 0.342279 0.612207 0.999255 0.347076 0.647382 0.995087 0.308321 0.465948 0.974176
0 0.679688 0.0472222 0.1 0.0888889 0.67246 0.035458 0.999671 0.672232 0.0346643 0.999796 0.670666 0.0353327 0.998603 0.668435 0.0585811 0.976822
0 0.6 0.263889 0.14375 0.194444 0.610203 0.243079 0.999942 0.637752 0.212374 0.999816 0.658966 0.187987 0.995469 0.534111 0.340093 0.999445
0 0.325 0.5625 0.06875 0.208333 0.33197 0.568348 0.99909 0.342279 0.612207 0.999255 0.347076 0.647382 0.995087 0.308321 0.465948 0.974176
0 0.679688 0.0472222 0.1 0.0888889 0.67246 0.035458 0.999671 0.672232 0.0346643 0.999796 0.670666 0.0353327 0.998603 0.668435 0.0585811 0.976822
0 0.328125 0.563889 0.065625 0.211111 0.328457 0.566138 0.999862 0.33831 0.613552 0.999821 0.345193 0.645918 0.996593 0.303549 0.466381 0.972533
0 0.325781 0.558333 0.0640625 0.211111 0.329209 0.568451 0.999659 0.340287 0.614329 0.999742 0.348288 0.645865 0.99801 0.315186 0.465734 0.94324
0 0.6 0.263889 0.14375 0.194444 0.610203 0.243079 0.999942 0.637752 0.212374 0.999816 0.658966 0.187987 0.995469 0.534111 0.340093 0.999445
0 0.325 0.5625 0.06875 0.208333 0.33197 0.568348 0.99909 0.342279 0.612207 0.999255 0.347076 0.647382 0.995087 0.308321 0.465948 0.974176
0 0.679688 0.0472222 0.1 0.0888889 0.67246 0.035458 0.999671 0.672232 0.0346643 0.999796 0.670666 0.0353327 0.998603 0.668435 0.0585811 0.976822
