0 0.704687 0.6125 0.128125 0.313889 0.703384 0.625294 0.99999 0.675798 0.688336 0.999991 0.659191 0.733694 0.999829 0.763309 0.479866 0.999648
0 0.646875 0.175 0.15625 0.138889 0.65161 0.169807 0.999943 0.684465 0.194768 0.99991 0.709584 0.215999 0.998516 0.584379 0.13148 0.99301
0 0.075 0.327778 0.06875 0.216667 0.0804159 0.323298 0.999735 0.0718336 0.36316 0.999766 0.0659252 0.400557 0.998285 0.10232 0.231597 0.995806
0 0.704687 0.6125 0.128125 0.313889 0.703384 0.625294 0.99999 0.675798 0.688336 0.999991 0.659191 0.733694 0.999829 0.763309 0.479866 0.999648
0 0.646875 0.175 0.15625 0.138889 0.65161 0.169807 0.999943 0.684465 0.194768 0.99991 0.709584 0.215999 0.998516 0.584379 0.13148 0.99301
0 0.075 0.327778 0.06875 0.216667 0.0804159 0.323298 0.999735 0.0718336 0.36316 0.999766 0.0659252 0.400557 0.998285 0.10232 0.231597 0.995806
0 0.704687 0.6125 0.128125 0.313889 0.703384 0.625294 0.99999 0.675798 0.688336 0.999991 0.659191 0.733694 0.999829 0.763309 0.479866 0.999648
0 0.646875 0.175 0.15625 0.138889 0.65161 0.169807 0.999943 0.684465 0.194768 0.99991 0.709584 0.215999 0.998516 0.584379 0.13148 0.99301
0 0.075 0.327778 0.06875 0.216667 0.0804159 0.323298 0.999735 0.0718336 0.36316 0.999766 0.0659252 0.400557 0.998285 0.10232 0.231597 0.995806
0 0.184375 0.561111 0.0625 0.272222 0.187298 0.547373 0.999925 0.190138 0.512159 0.999943 0.189671 0.491531 0.999326 0.173944 0.665848 0.993297
0 0.0523437 0.836111 0.0453125 0.172222 0.052951 0.813438 0.999555 0.0520117 0.824263 0.999573 0.0521948 0.832409 0.995068 0.0496504 0.82952 0.950805
0 0.226562 0.358333 0.0625 0.144444 0.228774 0.358757 0.999917 0.218925 0.389744 0.999961 0.213536 0.407724 0.999784 0.250323 0.277976 0.997046
0 0.8125 0.184722 0.065625 0.125 0.810875 0.186071 0.999325 0.807026 0.189689 0.998362 0.804061 0.188516 0.984194 0.81728 0.19852 0.998476
0 0.983594 0.168056 0.0328125 0.152778 0.991068 0.138338 0.933923 0.989486 0.109383 0.90622 0.984799 0.0904542 0.751731 0.984168 0.197358 0.900724
0 0.130469 0.877778 0.0484375 0.0722222 0.13561 0.879111 0.994429 0.133173 0.861749 0.99706 0.128473 0.85115 0.984752 0 0 0.42963
0 0.704687 0.6125 0.128125 0.313889 0.703384 0.625294 0.99999 0.675798 0.688336 0.999991 0.659191 0.733694 0.999829 0.763309 0.479866 0.999648
0 0.646875 0.175 0.15625 0.138889 0.65161 0.169807 0.999943 0.684465 0.194768 0.99991 0.709584 0.215999 0.998516 0.584379 0.13148 0.99301
0 0.644531 0.168056 0.151562 0.125 0.643195 0.16283 0.999776 0.676461 0.182044 0.999307 0.701482 0.195413 0.986288 0.576958 0.128393 0.998048
0 0.63125 0.165278 0.125 0.119444 0.637024 0.160017 0.999614 0.666373 0.175328 0.999046 0.688223 0.185689 0.988225 0.576492 0.128846 0.998497
0 0.075 0.327778 0.06875 0.216667 0.0804159 0.323298 0.999735 0.0718336 0.36316 0.999766 0.0659252 0.400557 0.998285 0.10232 0.231597 0.995806
0 0.0757812 0.320833 0.0734375 0.213889 0.0770959 0.323508 0.999898 0.0690195 0.367919 0.999926 0.0635926 0.403988 0.999432 0.0974244 0.228398 0.992813
0 0.184375 0.561111 0.0625 0.272222 0.187298 0.547373 0.999925 0.190138 0.512159 0.999943 0.189671 0.491531 0.999326 0.173944 0.665848 0.993297
0 0.0523437 0.836111 0.0453125 0.172222 0.052951 0.813438 0.999555 0.0520117 0.824263 0.999573 0.0521948 0.832409 0.995068 0.0496504 0.82952 0.950805
0 0.632812 0.172222 0.128125 0.133333 0.640866 0.167201 0.999893 0.671011 0.185736 0.999732 0.69439 0.201201 0.995626 0.579735 0.132615 0.998715
0 0.226562 0.358333 0.0625 0.144444 0.228774 0.358757 0.999917 0.218925 0.389744 0.999961 0.213536 0.407724 0.999784 0.250323 0.277976 0.997046
0 0.185937 0.558333 0.06875 0.277778 0.190287 0.541152 0.999935 0.194121 0.503224 0.999932 0.195585 0.477247 0.999153 0.172241 0.657882 0.997196
0 0.110156 0.204167 0.0421875 0.108333 0.111059 0.199409 0.996668 0.106322 0.217728 0.997523 0.101924 0.231365 0.99156 0.12127 0.154875 0.990825
0 0.053125 0.813889 0.046875 0.15 0.0551156 0.801876 0.99986 0.0525162 0.829405 0.999881 0.0504782 0.851164 0.998752 0.0579892 0.757326 0.992576
0 0.8125 0.184722 0.065625 0.125 0.810875 0.186071 0.999325 0.807026 0.189689 0.998362 0.804061 0.188516 0.984194 0.81728 0.19852 0.998476
0 0.228125 0.363889 0.0625 0.133333 0.229785 0.359074 0.99978 0.221713 0.38864 0.999868 0.214259 0.405383 0.999207 0.244661 0.295568 0.996305
0 0.227344 0.372222 0.0609375 0.122222 0.229602 0.356032 0.999772 0.220341 0.388585 0.99987 0.214149 0.410812 0.999186 0.245831 0.297855 0.995658
0 0.814062 0.198611 0.065625 0.102778 0.815434 0.190786 0.998933 0.814696 0.192833 0.996962 0.814967 0.188595 0.970514 0.813841 0.199426 0.998062
0 0.983594 0.168056 0.0328125 0.152778 0.991068 0.138338 0.933923 0.989486 0.109383 0.90622 0.984799 0.0904542 0.751731 0.984168 0.197358 0.900724
0 0.0773437 0.313889 0.0703125 0.222222 0.0737151 0.331342 0.999807 0.0607407 0.377852 0.999823 0.0550464 0.418937 0.999136 0.10026 0.24279 0.995185
0 0.614844 0.226389 0.0890625 0.0527778 0.630481 0.202197 0.999861 0.652617 0.213978 0.999732 0.670383 0.22576 0.996737 0.586026 0.176066 0.996354
0 0.810156 0.176389 0.0703125 0.136111 0.798525 0.16407 0.999768 0.788363 0.164621 0.99958 0.780834 0.16396 0.996112 0.818795 0.184617 0.99901
0 0.617188 0.168056 0.096875 0.125 0.633574 0.162499 0.999728 0.658867 0.175815 0.999448 0.678101 0.186453 0.99429 0.579411 0.135311 0.998819
0 0.801562 0.173611 0.0875 0.136111 0.787619 0.149577 0.999947 0.773589 0.144214 0.999912 0.763364 0.138751 0.998899 0.820164 0.18217 0.999685
0 0.616406 0.159722 0.0921875 0.108333 0.63564 0.157731 0.997738 0.660112 0.170804 0.993501 0.676994 0.174948 0.957914 0.575346 0.128371 0.998083
0 0.0515625 0.806944 0.04375 0.152778 0.0548161 0.793477 0.999887 0.0524574 0.830248 0.999935 0.0516928 0.862095 0.999521 0.0605789 0.706719 0.984652
0 0.0875 0.263889 0.059375 0.127778 0.091719 0.271249 0.999946 0.0837397 0.313291 0.999929 0.0796934 0.336025 0.999304 0.111397 0.190627 0.999546
0 0.8125 0.204167 0.06875 0.0916667 0.812981 0.197645 0.99978 0.811792 0.199429 0.999601 0.812501 0.191417 0.996005 0.812372 0.207231 0.999526
0 0.0765625 0.330556 0.0625 0.216667 0.0787036 0.323173 0.999363 0.0702384 0.363011 0.999283 0.0668045 0.39059 0.990191 0.0987871 0.244702 0.940208
0 0.104687 0.225 0.040625 0.111111 0.107651 0.193968 0.999468 0.100236 0.209298 0.999498 0.0985723 0.216406 0.997796 0.12869 0.165619 0.997811
0 0.667188 0.186111 0.11875 0.122222 0.670366 0.182192 0.999572 0.698865 0.204339 0.999699 0.718146 0.223719 0.998293 0.615572 0.140716 0.946181
0 0.0554687 0.808333 0.0484375 0.161111 0.0573834 0.795749 0.999917 0.0562773 0.831801 0.999942 0.0563348 0.858492 0.99957 0.0621168 0.711937 0.992182
0 0.228906 0.358333 0.0640625 0.127778 0.227894 0.369381 0.995042 0.21926 0.397115 0.995871 0.212446 0.413858 0.989156 0.238478 0.30834 0.898558
0 0.240625 0.223611 0.046875 0.152778 0.237623 0.23434 0.999617 0.229566 0.263418 0.999619 0.224547 0.279918 0.997848 0.257477 0.15408 0.999339
0 0.982031 0.177778 0.0328125 0.161111 0.989667 0.168349 0.82567 0.988427 0.14503 0.616337 0 0 0.338806 0.977102 0.226387 0.951116
0 0.10625 0.211111 0.04375 0.1 0.108393 0.209884 0.989429 0.0985706 0.230046 0.988718 0.0893304 0.243078 0.976129 0.128063 0.172913 0.953882
0 0.130469 0.877778 0.0484375 0.0722222 0.13561 0.879111 0.994429 0.133173 0.861749 0.99706 0.128473 0.85115 0.984752 0 0 0.42963
0 0.982813 0.170833 0.034375 0.163889 0.990553 0.14338 0.95879 0.987512 0.115938 0.914788 0.981911 0.0936096 0.720376 0.981931 0.215407 0.976855
0 0.238281 0.225 0.0484375 0.155556 0.237329 0.23359 0.999882 0.228951 0.265055 0.999875 0.224971 0.280466 0.999131 0.257564 0.144543 0.999686
0 0.789844 0.158333 0.110937 0.116667 0.780267 0.14695 0.999783 0.766044 0.135915 0.999715 0.75546 0.126454 0.997889 0.819236 0.180284 0.998609
0 0.05 0.818056 0.05 0.141667 0.0529327 0.824722 0.997728 0.0542318 0.82804 0.998512 0.0540553 0.829026 0.995465 0.0526924 0.825616 0.894036
0 0.108594 0.195833 0.0453125 0.113889 0.111449 0.195741 0.992783 0.101904 0.218842 0.994504 0.0926104 0.232891 0.987298 0.129607 0.148014 0.945422
0 0.978125 0.163889 0.04375 0.155556 0.990752 0.150115 0.845085 0.990956 0.118799 0.835029 0.985668 0.100569 0.777535 0.976437 0.211867 0.770268
0 0.107813 0.211111 0.040625 0.0944444 0.114654 0.199726 0.999581 0.106897 0.224304 0.999488 0.101066 0.239993 0.997336 0.124326 0.155063 0.99939
0 0.0539063 0.843056 0.0453125 0.147222 0.0582705 0.822802 0.999139 0.0562999 0.832881 0.999083 0.0558718 0.843237 0.992208 0.0558408 0.842868 0.951816
0 0.24375 0.220833 0.040625 0.152778 0.242084 0.233736 0.9996 0.234916 0.264215 0.99962 0.231277 0.280541 0.998116 0.257605 0.150229 0.998775
0 0.0492188 0.802778 0.0421875 0.144444 0.0541262 0.791543 0.999775 0.0504128 0.825407 0.999791 0.0461148 0.849928 0.997785 0.0561726 0.732486 0.98589
0 0.791406 0.154167 0.104687 0.108333 0.78184 0.137619 0.999887 0.766323 0.128708 0.999807 0.754767 0.121951 0.997848 0.822105 0.175778 0.999458
0 0.132031 0.877778 0.0546875 0.0722222 0.136505 0.882868 0.995278 0.132638 0.865518 0.99775 0.127374 0.853708 0.989541 0 0 0.261606
0 0.704687 0.6125 0.128125 0.313889 0.703384 0.625294 0.99999 0.675798 0.688336 0.999991 0.659191 0.733694 0.999829 0.763309 0.479866 0.999648
0 0.646875 0.175 0.15625 0.138889 0.65161 0.169807 0.999943 0.684465 0.194768 0.99991 0.709584 0.215999 0.998516 0.584379 0.13148 0.99301
0 0.075 0.327778 0.06875 0.216667 0.0804159 0.323298 0.999735 0.0718336 0.36316 0.999766 0.0659252 0.400557 0.998285 0.10232 0.231597 0.995806
0 0.184375 0.561111 0.0625 0.272222 0.187298 0.547373 0.999925 0.190138 0.512159 0.999943 0.189671 0.491531 0.999326 0.173944 0.665848 0.993297
0 0.0523437 0.836111 0.0453125 0.172222 0.052951 0.813438 0.999555 0.0520117 0.824263 0.999573 0.0521948 0.832409 0.995068 0.0496504 0.82952 0.950805
0 0.8125 0.184722 0.065625 0.125 0.810875 0.186071 0.999325 0.807026 0.189689 0.998362 0.804061 0.188516 0.984194 0.81728 0.19852 0.998476
0 0.983594 0.168056 0.0328125 0.152778 0.991068 0.138338 0.933923 0.989486 0.109383 0.90622 0.984799 0.0904542 0.751731 0.984168 0.197358 0.900724
0 0.228906 0.358333 0.0640625 0.127778 0.227894 0.369381 0.995042 0.21926 0.397115 0.995871 0.212446 0.413858 0.989156 0.238478 0.30834 0.898558
0 0.130469 0.877778 0.0484375 0.0722222 0.13561 0.879111 0.994429 0.133173 0.861749 0.99706 0.128473 0.85115 0.984752 0 0 0.42963
