0 0.533594 0.5 0.132812 0.127778 0.540709 0.486099 0.99968 0.564966 0.46781 0.999448 0.583927 0.453624 0.994418 0.476306 0.537233 0.998563
0 0.0382813 0.898611 0.0546875 0.202778 0.0354483 0.88799 0.998438 0.0418375 0.935808 0.987695 0.0455896 0.963846 0.621918 0.0233908 0.804327 0.975532
0 0.533594 0.5 0.132812 0.127778 0.540709 0.486099 0.99968 0.564966 0.46781 0.999448 0.583927 0.453624 0.994418 0.476306 0.537233 0.998563
0 0.0382813 0.898611 0.0546875 0.202778 0.0354483 0.88799 0.998438 0.0418375 0.935808 0.987695 0.0455896 0.963846 0.621918 0.0233908 0.804327 0.975532
0 0.533594 0.5 0.132812 0.127778 0.540709 0.486099 0.99968 0.564966 0.46781 0.999448 0.583927 0.453624 0.994418 0.476306 0.537233 0.998563
0 0.0382813 0.898611 0.0546875 0.202778 0.0354483 0.88799 0.998438 0.0418375 0.935808 0.987695 0.0455896 0.963846 0.621918 0.0233908 0.804327 0.975532
0 0.246094 0.684722 0.0328125 0.152778 0.249868 0.697618 0.999374 0.249805 0.729364 0.998815 0.248395 0.743739 0.984745 0.24384 0.614203 0.999663
0 0.749219 0.723611 0.0640625 0.330556 0.751161 0.709799 0.999487 0.755234 0.785041 0.997345 0.757544 0.846761 0.894718 0.742548 0.559019 0.996765
0 0.210938 0.901389 0.06875 0.186111 0.216624 0.89121 0.999679 0.212048 0.864766 0.99979 0.208141 0.842221 0.998207 0.220847 0.923211 0.9556
0 0.533594 0.5 0.132812 0.127778 0.540709 0.486099 0.99968 0.564966 0.46781 0.999448 0.583927 0.453624 0.994418 0.476306 0.537233 0.998563
0 0.0382813 0.898611 0.0546875 0.202778 0.0354483 0.88799 0.998438 0.0418375 0.935808 0.987695 0.0455896 0.963846 0.621918 0.0233908 0.804327 0.975532
0 0.246094 0.684722 0.0328125 0.152778 0.249868 0.697618 0.999374 0.249805 0.729364 0.998815 0.248395 0.743739 0.984745 0.24384 0.614203 0.999663
0 0.0359375 0.898611 0.046875 0.186111 0.0342059 0.87946 0.997711 0.0386284 0.912786 0.995456 0.0424814 0.939327 0.960807 0.0274696 0.819281 0.973572
0 0.246875 0.688889 0.034375 0.15 0.250258 0.69891 0.999692 0.251263 0.731169 0.999325 0.251936 0.748405 0.991424 0.244194 0.619529 0.999493
0 0.246875 0.681944 0.04375 0.141667 0.249577 0.698289 0.997713 0.249515 0.73044 0.997128 0.246661 0.747787 0.987848 0.242342 0.612651 0.982319
0 0.749219 0.723611 0.0640625 0.330556 0.751161 0.709799 0.999487 0.755234 0.785041 0.997345 0.757544 0.846761 0.894718 0.742548 0.559019 0.996765
0 0.210938 0.901389 0.06875 0.186111 0.216624 0.89121 0.999679 0.212048 0.864766 0.99979 0.208141 0.842221 0.998207 0.220847 0.923211 0.9556
0 0.246094 0.681944 0.0359375 0.152778 0.250497 0.699803 0.997785 0.252913 0.729507 0.995485 0.253309 0.74474 0.973528 0.243948 0.616259 0.998153
0 0.752344 0.726389 0.0671875 0.336111 0.757559 0.738559 0.999783 0.761177 0.815902 0.999117 0.763755 0.878576 0.957473 0.746364 0.569882 0.99782
0 0.533594 0.5 0.132812 0.127778 0.540709 0.486099 0.99968 0.564966 0.46781 0.999448 0.583927 0.453624 0.994418 0.476306 0.537233 0.998563
0 0.0382813 0.898611 0.0546875 0.202778 0.0354483 0.88799 0.998438 0.0418375 0.935808 0.987695 0.0455896 0.963846 0.621918 0.0233908 0.804327 0.975532
0 0.246094 0.684722 0.0328125 0.152778 0.249868 0.697618 0.999374 0.249805 0.729364 0.998815 0.248395 0.743739 0.984745 0.24384 0.614203 0.999663
0 0.749219 0.723611 0.0640625 0.330556 0.751161 0.709799 0.999487 0.755234 0.785041 0.997345 0.757544 0.846761 0.894718 0.742548 0.559019 0.996765
0 0.210938 0.901389 0.06875 0.186111 0.216624 0.89121 0.999679 0.212048 0.864766 0.99979 0.208141 0.842221 0.998207 0.220847 0.923211 0.9556
