0 0.895312 0.884722 0.0625 0.197222 0.900522 0.867449 0.999841 0.900558 0.877998 0.999886 0.898141 0.88313 0.998995 0.897414 0.852769 0.990489
0 0.729688 0.166667 0.053125 0.0722222 0.731951 0.169795 0.999584 0.72569 0.156685 0.99979 0.719687 0.148979 0.999022 0.744045 0.190913 0.980026
0 0.747656 0.845833 0.0671875 0.0972222 0.74603 0.847815 0.999329 0.73507 0.864341 0.99945 0.726549 0.879333 0.997852 0.776048 0.807068 0.998962
0 0.735156 0.0333333 0.0953125 0.0611111 0.737757 0.0288692 0.996034 0.717417 0.0392951 0.997589 0.699305 0.0473747 0.990857 0.765287 0.0226548 0.835957
0 0.495313 0.0291667 0.109375 0.0527778 0.503132 0.0261844 0.99321 0.502136 0.0263571 0.983617 0.502803 0.0226549 0.920433 0.519894 0.030712 0.992261
0 0.895312 0.884722 0.0625 0.197222 0.900522 0.867449 0.999841 0.900558 0.877998 0.999886 0.898141 0.88313 0.998995 0.897414 0.852769 0.990489
0 0.729688 0.166667 0.053125 0.0722222 0.731951 0.169795 0.999584 0.72569 0.156685 0.99979 0.719687 0.148979 0.999022 0.744045 0.190913 0.980026
0 0.747656 0.845833 0.0671875 0.0972222 0.74603 0.847815 0.999329 0.73507 0.864341 0.99945 0.726549 0.879333 0.997852 0.776048 0.807068 0.998962
0 0.735156 0.0333333 0.0953125 0.0611111 0.737757 0.0288692 0.996034 0.717417 0.0392951 0.997589 0.699305 0.0473747 0.990857 0.765287 0.0226548 0.835957
0 0.495313 0.0291667 0.109375 0.0527778 0.503132 0.0261844 0.99321 0.502136 0.0263571 0.983617 0.502803 0.0226549 0.920433 0.519894 0.030712 0.992261
0 0.895312 0.884722 0.0625 0.197222 0.900522 0.867449 0.999841 0.900558 0.877998 0.999886 0.898141 0.88313 0.998995 0.897414 0.852769 0.990489
0 0.729688 0.166667 0.053125 0.0722222 0.731951 0.169795 0.999584 0.72569 0.156685 0.99979 0.719687 0.148979 0.999022 0.744045 0.190913 0.980026
0 0.747656 0.845833 0.0671875 0.0972222 0.74603 0.847815 0.999329 0.73507 0.864341 0.99945 0.726549 0.879333 0.997852 0.776048 0.807068 0.998962
0 0.735156 0.0333333 0.0953125 0.0611111 0.737757 0.0288692 0.996034 0.717417 0.0392951 0.997589 0.699305 0.0473747 0.990857 0.765287 0.0226548 0.835957
0 0.495313 0.0291667 0.109375 0.0527778 0.503132 0.0261844 0.99321 0.502136 0.0263571 0.983617 0.502803 0.0226549 0.920433 0.519894 0.030712 0.992261
0 0.924219 0.694444 0.0484375 0.105556 0.926516 0.692436 0.999175 0.926911 0.666193 0.999309 0.925551 0.653228 0.99663 0.921343 0.746877 0.982189
0 0.657031 0.597222 0.0640625 0.194444 0.654046 0.570774 0.996315 0.653658 0.589326 0.998349 0.654302 0.608578 0.992879 0.652432 0.595818 0.646563
0 0.08125 0.0444444 0.053125 0.0888889 0.0783905 0.0229814 0.978072 0.0813195 0.026164 0.966321 0.0830945 0.0361598 0.714728 0 0 0.0651814
0 0.483594 0.797222 0.0671875 0.0833333 0.479744 0.780923 0.998848 0.49546 0.796605 0.999523 0.507016 0.812388 0.998039 0.458256 0.763138 0.841615
0 0.548437 0.601389 0.128125 0.191667 0.558924 0.580364 0.999603 0.576673 0.556968 0.998023 0.590287 0.537139 0.936255 0.500911 0.676979 0.992146
0 0.895312 0.884722 0.0625 0.197222 0.900522 0.867449 0.999841 0.900558 0.877998 0.999886 0.898141 0.88313 0.998995 0.897414 0.852769 0.990489
0 0.729688 0.166667 0.053125 0.0722222 0.731951 0.169795 0.999584 0.72569 0.156685 0.99979 0.719687 0.148979 0.999022 0.744045 0.190913 0.980026
0 0.747656 0.845833 0.0671875 0.0972222 0.74603 0.847815 0.999329 0.73507 0.864341 0.99945 0.726549 0.879333 0.997852 0.776048 0.807068 0.998962
0 0.735156 0.0333333 0.0953125 0.0611111 0.737757 0.0288692 0.996034 0.717417 0.0392951 0.997589 0.699305 0.0473747 0.990857 0.765287 0.0226548 0.835957
0 0.742969 0.0347222 0.107813 0.0694444 0.742792 0.0267193 0.998628 0.717722 0.038097 0.999407 0.698213 0.0493174 0.996989 0.783836 0.0238225 0.733703
0 0.495313 0.0291667 0.109375 0.0527778 0.503132 0.0261844 0.99321 0.502136 0.0263571 0.983617 0.502803 0.0226549 0.920433 0.519894 0.030712 0.992261
0 0.742969 0.0375 0.107813 0.075 0.744695 0.0271921 0.999097 0.718624 0.0394037 0.999696 0.699169 0.0522125 0.998331 0.787035 0.0240459 0.613919
0 0.494531 0.0277778 0.107813 0.0444444 0.488207 0.0271445 0.996583 0.477226 0.0264561 0.991467 0.471275 0.023642 0.954308 0.522977 0.0228389 0.998959
0 0.924219 0.694444 0.0484375 0.105556 0.926516 0.692436 0.999175 0.926911 0.666193 0.999309 0.925551 0.653228 0.99663 0.921343 0.746877 0.982189
0 0.925 0.695833 0.05 0.125 0.928625 0.690731 0.999465 0.929191 0.668338 0.999646 0.930234 0.651035 0.998097 0.921545 0.75572 0.982169
0 0.746094 0.852778 0.0671875 0.111111 0.743622 0.861866 0.999932 0.735351 0.884973 0.999878 0.729912 0.900118 0.998544 0.766641 0.819659 0.999921
0 0.742188 0.0430556 0.109375 0.0861111 0.745424 0.0271806 0.999182 0.719203 0.0425223 0.999733 0.701391 0.0573819 0.998248 0 0 0.299179
0 0.492188 0.025 0.10625 0.0444444 0.485143 0.0252164 0.991432 0.477796 0.028202 0.968985 0.475658 0.0205126 0.849063 0.51147 0.0212719 0.995491
0 0.745313 0.873611 0.0625 0.147222 0.739867 0.878713 0.99968 0.733755 0.899697 0.999352 0.730094 0.911963 0.994906 0.755693 0.836274 0.999808
0 0.742969 0.0472222 0.107813 0.0944444 0.752042 0.0291802 0.998781 0.728205 0.0465133 0.999507 0.711167 0.0633185 0.997051 0 0 0.257785
0 0.657031 0.597222 0.0640625 0.194444 0.654046 0.570774 0.996315 0.653658 0.589326 0.998349 0.654302 0.608578 0.992879 0.652432 0.595818 0.646563
0 0.726562 0.154167 0.059375 0.108333 0.732652 0.169045 0.996075 0.725683 0.154312 0.99748 0.719872 0.143649 0.993528 0.742432 0.196656 0.870673
0 0.923437 0.688889 0.053125 0.111111 0.928737 0.690412 0.99442 0.92982 0.664449 0.996359 0.929991 0.644258 0.991207 0.919626 0.744462 0.864765
0 0.740625 0.0388889 0.10625 0.0777778 0.744402 0.0250801 0.996812 0.716497 0.0364043 0.999064 0.697379 0.0480826 0.996358 0.788619 0.0149601 0.596551
0 0.08125 0.0444444 0.053125 0.0888889 0.0783905 0.0229814 0.978072 0.0813195 0.026164 0.966321 0.0830945 0.0361598 0.714728 0 0 0.0651814
0 0.65625 0.588889 0.065625 0.211111 0.65728 0.563276 0.999405 0.659545 0.579174 0.999342 0.661675 0.59533 0.992385 0.648802 0.573424 0.893421
0 0.746094 0.843056 0.0546875 0.0916667 0.744064 0.854497 0.988267 0.730814 0.867455 0.984881 0.720202 0.87724 0.955895 0.771399 0.813273 0.962845
0 0.739062 0.0402778 0.096875 0.0805556 0.743583 0.0188609 0.999778 0.71959 0.0346373 0.999894 0.702181 0.0462968 0.999221 0.783503 0.0272594 0.924108
0 0.483594 0.797222 0.0671875 0.0833333 0.479744 0.780923 0.998848 0.49546 0.796605 0.999523 0.507016 0.812388 0.998039 0.458256 0.763138 0.841615
0 0.484375 0.797222 0.071875 0.0888889 0.480439 0.783535 0.998926 0.49672 0.797936 0.999421 0.509817 0.813021 0.997767 0.460626 0.758201 0.843782
0 0.75 0.0472222 0.09375 0.0944444 0.754989 0.0378589 0.998978 0.736157 0.0562853 0.999235 0.723395 0.0700965 0.994665 0.783069 0.0258253 0.552452
0 0.548437 0.601389 0.128125 0.191667 0.558924 0.580364 0.999603 0.576673 0.556968 0.998023 0.590287 0.537139 0.936255 0.500911 0.676979 0.992146
0 0.551562 0.593056 0.134375 0.213889 0.562047 0.576862 0.999263 0.578466 0.55397 0.992431 0.588559 0.540057 0.687322 0.497008 0.684033 0.996114
0 0.748438 0.843056 0.0625 0.0861111 0.743527 0.849569 0.982865 0.730694 0.864878 0.978101 0.721574 0.875458 0.944201 0.774091 0.807643 0.964927
0 0.895312 0.884722 0.0625 0.197222 0.900522 0.867449 0.999841 0.900558 0.877998 0.999886 0.898141 0.88313 0.998995 0.897414 0.852769 0.990489
0 0.729688 0.166667 0.053125 0.0722222 0.731951 0.169795 0.999584 0.72569 0.156685 0.99979 0.719687 0.148979 0.999022 0.744045 0.190913 0.980026
0 0.747656 0.845833 0.0671875 0.0972222 0.74603 0.847815 0.999329 0.73507 0.864341 0.99945 0.726549 0.879333 0.997852 0.776048 0.807068 0.998962
0 0.735156 0.0333333 0.0953125 0.0611111 0.737757 0.0288692 0.996034 0.717417 0.0392951 0.997589 0.699305 0.0473747 0.990857 0.765287 0.0226548 0.835957
0 0.495313 0.0291667 0.109375 0.0527778 0.503132 0.0261844 0.99321 0.502136 0.0263571 0.983617 0.502803 0.0226549 0.920433 0.519894 0.030712 0.992261
0 0.924219 0.694444 0.0484375 0.105556 0.926516 0.692436 0.999175 0.926911 0.666193 0.999309 0.925551 0.653228 0.99663 0.921343 0.746877 0.982189
0 0.657031 0.597222 0.0640625 0.194444 0.654046 0.570774 0.996315 0.653658 0.589326 0.998349 0.654302 0.608578 0.992879 0.652432 0.595818 0.646563
0 0.08125 0.0444444 0.053125 0.0888889 0.0783905 0.0229814 0.978072 0.0813195 0.026164 0.966321 0.0830945 0.0361598 0.714728 0 0 0.0651814
0 0.483594 0.797222 0.0671875 0.0833333 0.479744 0.780923 0.998848 0.49546 0.796605 0.999523 0.507016 0.812388 0.998039 0.458256 0.763138 0.841615
0 0.548437 0.601389 0.128125 0.191667 0.558924 0.580364 0.999603 0.576673 0.556968 0.998023 0.590287 0.537139 0.936255 0.500911 0.676979 0.992146
