0 0.792188 0.858333 0.08125 0.0944444 0.789186 0.853389 0.999608 0.773961 0.838684 0.999302 0.761401 0.828103 0.992701 0.825868 0.895342 0.996771
0 0.615625 0.752778 0.134375 0.0777778 0.613045 0.745015 0.999647 0.584925 0.740816 0.999481 0.566112 0.738491 0.996666 0.680105 0.766475 0.998201
0 0.457031 0.775 0.0671875 0.0944444 0.457165 0.774009 0.999767 0.471149 0.790054 0.999806 0.481757 0.80323 0.998895 0.4291 0.73477 0.997986
0 0.546094 0.238889 0.0515625 0.183333 0.550962 0.214621 0.999121 0.549907 0.197396 0.999166 0.548092 0.189537 0.989438 0.543737 0.267759 0.613509
0 0.5 0.663889 0.059375 0.1 0.498597 0.66398 0.99938 0.488639 0.685569 0.999687 0.480385 0.70257 0.998877 0.523691 0.618183 0.99629
0 0.283594 0.818056 0.0640625 0.113889 0.288028 0.804442 0.999436 0.282001 0.809954 0.999807 0.278802 0.812636 0.998776 0.302299 0.80223 0.756205
0 0.792188 0.858333 0.08125 0.0944444 0.789186 0.853389 0.999608 0.773961 0.838684 0.999302 0.761401 0.828103 0.992701 0.825868 0.895342 0.996771
0 0.615625 0.752778 0.134375 0.0777778 0.613045 0.745015 0.999647 0.584925 0.740816 0.999481 0.566112 0.738491 0.996666 0.680105 0.766475 0.998201
0 0.457031 0.775 0.0671875 0.0944444 0.457165 0.774009 0.999767 0.471149 0.790054 0.999806 0.481757 0.80323 0.998895 0.4291 0.73477 0.997986
0 0.546094 0.238889 0.0515625 0.183333 0.550962 0.214621 0.999121 0.549907 0.197396 0.999166 0.548092 0.189537 0.989438 0.543737 0.267759 0.613509
0 0.5 0.663889 0.059375 0.1 0.498597 0.66398 0.99938 0.488639 0.685569 0.999687 0.480385 0.70257 0.998877 0.523691 0.618183 0.99629
0 0.283594 0.818056 0.0640625 0.113889 0.288028 0.804442 0.999436 0.282001 0.809954 0.999807 0.278802 0.812636 0.998776 0.302299 0.80223 0.756205
0 0.792188 0.858333 0.08125 0.0944444 0.789186 0.853389 0.999608 0.773961 0.838684 0.999302 0.761401 0.828103 0.992701 0.825868 0.895342 0.996771
0 0.615625 0.752778 0.134375 0.0777778 0.613045 0.745015 0.999647 0.584925 0.740816 0.999481 0.566112 0.738491 0.996666 0.680105 0.766475 0.998201
0 0.457031 0.775 0.0671875 0.0944444 0.457165 0.774009 0.999767 0.471149 0.790054 0.999806 0.481757 0.80323 0.998895 0.4291 0.73477 0.997986
0 0.546094 0.238889 0.0515625 0.183333 0.550962 0.214621 0.999121 0.549907 0.197396 0.999166 0.548092 0.189537 0.989438 0.543737 0.267759 0.613509
0 0.5 0.663889 0.059375 0.1 0.498597 0.66398 0.99938 0.488639 0.685569 0.999687 0.480385 0.70257 0.998877 0.523691 0.618183 0.99629
0 0.283594 0.818056 0.0640625 0.113889 0.288028 0.804442 0.999436 0.282001 0.809954 0.999807 0.278802 0.812636 0.998776 0.302299 0.80223 0.756205
0 0.0492188 0.177778 0.0296875 0.177778 0.049198 0.181603 0.999494 0.050825 0.216936 0.999498 0.0512844 0.243458 0.995656 0.0499571 0.102813 0.987268
0 0.0539063 0.709722 0.0546875 0.225 0.0573219 0.711133 0.999459 0.0574759 0.683893 0.999817 0.0563404 0.668836 0.999075 0.0556509 0.768554 0.692858
0 0.18125 0.0388889 0.090625 0.05 0.192941 0.0407685 0.993195 0.208477 0.0383695 0.985402 0.21972 0.038176 0.936454 0.155288 0.0478688 0.990865
0 0.792188 0.858333 0.08125 0.0944444 0.789186 0.853389 0.999608 0.773961 0.838684 0.999302 0.761401 0.828103 0.992701 0.825868 0.895342 0.996771
0 0.615625 0.752778 0.134375 0.0777778 0.613045 0.745015 0.999647 0.584925 0.740816 0.999481 0.566112 0.738491 0.996666 0.680105 0.766475 0.998201
0 0.457031 0.775 0.0671875 0.0944444 0.457165 0.774009 0.999767 0.471149 0.790054 0.999806 0.481757 0.80323 0.998895 0.4291 0.73477 0.997986
0 0.616406 0.754167 0.132812 0.0861111 0.609704 0.742704 0.999075 0.581395 0.737268 0.998061 0.565657 0.734391 0.989598 0.678073 0.768727 0.998674
0 0.79375 0.861111 0.08125 0.1 0.788616 0.855159 0.998317 0.77356 0.84317 0.998002 0.764129 0.833078 0.989225 0.825516 0.894765 0.978301
0 0.792188 0.854167 0.078125 0.0861111 0.787862 0.843935 0.999491 0.773276 0.829974 0.998833 0.760663 0.819089 0.984606 0.823602 0.892541 0.992993
0 0.614844 0.75 0.132812 0.0722222 0.614886 0.742449 0.999835 0.586305 0.737839 0.999645 0.563064 0.733745 0.9954 0.679604 0.760042 0.999498
0 0.546094 0.238889 0.0515625 0.183333 0.550962 0.214621 0.999121 0.549907 0.197396 0.999166 0.548092 0.189537 0.989438 0.543737 0.267759 0.613509
0 0.5 0.663889 0.059375 0.1 0.498597 0.66398 0.99938 0.488639 0.685569 0.999687 0.480385 0.70257 0.998877 0.523691 0.618183 0.99629
0 0.283594 0.818056 0.0640625 0.113889 0.288028 0.804442 0.999436 0.282001 0.809954 0.999807 0.278802 0.812636 0.998776 0.302299 0.80223 0.756205
0 0.542969 0.252778 0.0515625 0.211111 0.544636 0.223213 0.999274 0.543291 0.235225 0.999503 0.543561 0.247706 0.995214 0.541742 0.238954 0.762219
0 0.545313 0.247222 0.05 0.2 0.549653 0.215971 0.999396 0.548836 0.204689 0.999504 0.547298 0.203668 0.994147 0.541962 0.272955 0.678501
0 0.45625 0.772222 0.065625 0.0888889 0.458634 0.771987 0.998715 0.471824 0.79073 0.99859 0.480808 0.803223 0.992596 0.426616 0.733371 0.993952
0 0.499219 0.669444 0.0578125 0.111111 0.497515 0.662612 0.999037 0.487862 0.684739 0.999129 0.483341 0.699931 0.996298 0.524268 0.625242 0.99707
0 0.0492188 0.177778 0.0296875 0.177778 0.049198 0.181603 0.999494 0.050825 0.216936 0.999498 0.0512844 0.243458 0.995656 0.0499571 0.102813 0.987268
0 0.546875 0.233333 0.05 0.172222 0.547397 0.208315 0.999475 0.547331 0.193753 0.999735 0.545745 0.187193 0.996735 0 0 0.438161
0 0.0484375 0.168056 0.03125 0.175 0.0490878 0.181082 0.999188 0.0516141 0.215424 0.999415 0.0533143 0.243867 0.99697 0.0463517 0.0953853 0.995449
0 0.284375 0.827778 0.059375 0.138889 0.287664 0.808736 0.999679 0.283128 0.813384 0.999874 0.27986 0.816213 0.999302 0.304771 0.80894 0.926558
0 0.05 0.165278 0.03125 0.175 0.0476506 0.175534 0.999443 0.0521074 0.205598 0.999458 0.0555914 0.230581 0.997023 0.0453561 0.0949653 0.997043
0 0.282031 0.826389 0.0671875 0.130556 0.287111 0.80794 0.999576 0.279627 0.811767 0.999821 0.274159 0.814626 0.998562 0.297553 0.811757 0.754305
0 0.0523437 0.194444 0.0296875 0.161111 0.0497976 0.183783 0.999404 0.0512449 0.215205 0.999524 0.0529458 0.239061 0.995974 0.0535311 0.131655 0.917302
0 0.786719 0.851389 0.0703125 0.075 0.787215 0.854069 0.987624 0.770863 0.840331 0.987025 0.759243 0.829245 0.963382 0.821571 0.885835 0.908187
0 0.542188 0.258333 0.05625 0.211111 0.542511 0.248052 0.999923 0.537444 0.264829 0.999956 0.536023 0.270068 0.999549 0.541682 0.236192 0.971569
0 0.05 0.166667 0.034375 0.166667 0.0503641 0.176683 0.995934 0.0520132 0.217242 0.997079 0.05376 0.244407 0.991029 0.0486213 0.093818 0.933678
0 0.0539063 0.709722 0.0546875 0.225 0.0573219 0.711133 0.999459 0.0574759 0.683893 0.999817 0.0563404 0.668836 0.999075 0.0556509 0.768554 0.692858
0 0.285937 0.838889 0.05625 0.138889 0.284686 0.825314 0.999316 0.279476 0.826513 0.999097 0.276498 0.823027 0.991632 0.299739 0.841383 0.966692
0 0.18125 0.0388889 0.090625 0.05 0.192941 0.0407685 0.993195 0.208477 0.0383695 0.985402 0.21972 0.038176 0.936454 0.155288 0.0478688 0.990865
0 0.789062 0.856944 0.078125 0.075 0.784163 0.854727 0.985694 0.76856 0.84217 0.987314 0.755956 0.832775 0.970491 0.822824 0.888075 0.909383
0 0.452344 0.766667 0.0609375 0.105556 0.455847 0.77665 0.9976 0.466868 0.794114 0.99813 0.47461 0.807334 0.993994 0.432749 0.734123 0.963142
0 0.282813 0.833333 0.0625 0.138889 0.284492 0.826536 0.999383 0.280034 0.831865 0.999058 0.277205 0.831463 0.988249 0.295101 0.830219 0.94436
0 0.792188 0.858333 0.08125 0.0944444 0.789186 0.853389 0.999608 0.773961 0.838684 0.999302 0.761401 0.828103 0.992701 0.825868 0.895342 0.996771
0 0.615625 0.752778 0.134375 0.0777778 0.613045 0.745015 0.999647 0.584925 0.740816 0.999481 0.566112 0.738491 0.996666 0.680105 0.766475 0.998201
0 0.457031 0.775 0.0671875 0.0944444 0.457165 0.774009 0.999767 0.471149 0.790054 0.999806 0.481757 0.80323 0.998895 0.4291 0.73477 0.997986
0 0.546094 0.238889 0.0515625 0.183333 0.550962 0.214621 0.999121 0.549907 0.197396 0.999166 0.548092 0.189537 0.989438 0.543737 0.267759 0.613509
0 0.5 0.663889 0.059375 0.1 0.498597 0.66398 0.99938 0.488639 0.685569 0.999687 0.480385 0.70257 0.998877 0.523691 0.618183 0.99629
0 0.283594 0.818056 0.0640625 0.113889 0.288028 0.804442 0.999436 0.282001 0.809954 0.999807 0.278802 0.812636 0.998776 0.302299 0.80223 0.756205
0 0.0492188 0.177778 0.0296875 0.177778 0.049198 0.181603 0.999494 0.050825 0.216936 0.999498 0.0512844 0.243458 0.995656 0.0499571 0.102813 0.987268
0 0.0539063 0.709722 0.0546875 0.225 0.0573219 0.711133 0.999459 0.0574759 0.683893 0.999817 0.0563404 0.668836 0.999075 0.0556509 0.768554 0.692858
0 0.18125 0.0388889 0.090625 0.05 0.192941 0.0407685 0.993195 0.208477 0.0383695 0.985402 0.21972 0.038176 0.936454 0.155288 0.0478688 0.990865
