0 0.834375 0.705556 0.178125 0.127778 0.818979 0.697336 0.999624 0.778404 0.684782 0.998815 0.750795 0.674382 0.983802 0.913779 0.739954 0.997923
0 0.635156 0.611111 0.0328125 0.127778 0.637862 0.622814 0.997623 0.642088 0.651099 0.996228 0.64525 0.668821 0.972923 0.629518 0.55217 0.996861
0 0.834375 0.705556 0.178125 0.127778 0.818979 0.697336 0.999624 0.778404 0.684782 0.998815 0.750795 0.674382 0.983802 0.913779 0.739954 0.997923
0 0.635156 0.611111 0.0328125 0.127778 0.637862 0.622814 0.997623 0.642088 0.651099 0.996228 0.64525 0.668821 0.972923 0.629518 0.55217 0.996861
0 0.834375 0.705556 0.178125 0.127778 0.818979 0.697336 0.999624 0.778404 0.684782 0.998815 0.750795 0.674382 0.983802 0.913779 0.739954 0.997923
0 0.635156 0.611111 0.0328125 0.127778 0.637862 0.622814 0.997623 0.642088 0.651099 0.996228 0.64525 0.668821 0.972923 0.629518 0.55217 0.996861
0 0.146094 0.129167 0.0359375 0.108333 0.148661 0.12854 0.997951 0.152239 0.153986 0.99706 0.153635 0.172073 0.974047 0.143509 0.0840421 0.9637
0 0.338281 0.226389 0.0453125 0.147222 0.338508 0.222482 0.99872 0.34135 0.251509 0.999386 0.343101 0.275814 0.997653 0.334864 0.156355 0.970241
0 0.834375 0.705556 0.178125 0.127778 0.818979 0.697336 0.999624 0.778404 0.684782 0.998815 0.750795 0.674382 0.983802 0.913779 0.739954 0.997923
0 0.835938 0.711111 0.178125 0.116667 0.820586 0.699686 0.999276 0.776933 0.687989 0.999357 0.748229 0.677464 0.997264 0.915228 0.746382 0.9789
0 0.635156 0.611111 0.0328125 0.127778 0.637862 0.622814 0.997623 0.642088 0.651099 0.996228 0.64525 0.668821 0.972923 0.629518 0.55217 0.996861
0 0.636719 0.611111 0.0328125 0.127778 0.6392 0.621957 0.999473 0.643672 0.652547 0.999072 0.646049 0.670867 0.989034 0.629117 0.55315 0.998933
0 0.639063 0.620833 0.034375 0.141667 0.640134 0.629342 0.999587 0.645557 0.661871 0.998947 0.648205 0.680132 0.982512 0.629277 0.555085 0.99891
0 0.635938 0.609722 0.0375 0.141667 0.640748 0.625421 0.993187 0.642265 0.655046 0.991593 0.641276 0.674697 0.973213 0.628743 0.546772 0.974842
0 0.146094 0.129167 0.0359375 0.108333 0.148661 0.12854 0.997951 0.152239 0.153986 0.99706 0.153635 0.172073 0.974047 0.143509 0.0840421 0.9637
0 0.146094 0.129167 0.0390625 0.113889 0.148583 0.133657 0.991022 0.152959 0.158873 0.992081 0.155348 0.175735 0.980641 0.136669 0.0845088 0.896005
0 0.64375 0.65 0.0375 0.188889 0.64322 0.644526 0.999282 0.650027 0.678571 0.998212 0.653482 0.699212 0.974798 0.630219 0.568147 0.993159
0 0.338281 0.226389 0.0453125 0.147222 0.338508 0.222482 0.99872 0.34135 0.251509 0.999386 0.343101 0.275814 0.997653 0.334864 0.156355 0.970241
0 0.834375 0.705556 0.178125 0.127778 0.818979 0.697336 0.999624 0.778404 0.684782 0.998815 0.750795 0.674382 0.983802 0.913779 0.739954 0.997923
0 0.635156 0.611111 0.0328125 0.127778 0.637862 0.622814 0.997623 0.642088 0.651099 0.996228 0.64525 0.668821 0.972923 0.629518 0.55217 0.996861
0 0.146094 0.129167 0.0359375 0.108333 0.148661 0.12854 0.997951 0.152239 0.153986 0.99706 0.153635 0.172073 0.974047 0.143509 0.0840421 0.9637
0 0.338281 0.226389 0.0453125 0.147222 0.338508 0.222482 0.99872 0.34135 0.251509 0.999386 0.343101 0.275814 0.997653 0.334864 0.156355 0.970241
