0 0.546875 0.341667 0.134375 0.155556 0.570306 0.316621 0.999869 0.600002 0.299352 0.999453 0.622187 0.290487 0.985924 0.48895 0.389706 0.999253
0 0.965625 0.726389 0.04375 0.175 0.971604 0.690853 0.991922 0.970315 0.658774 0.960237 0.967397 0.632782 0.643306 0.966642 0.794481 0.989424
0 0.76875 0.558333 0.071875 0.288889 0.771426 0.560655 0.999572 0.77779 0.62055 0.999197 0.782833 0.667938 0.984684 0.753592 0.436166 0.993499
0 0.546875 0.341667 0.134375 0.155556 0.570306 0.316621 0.999869 0.600002 0.299352 0.999453 0.622187 0.290487 0.985924 0.48895 0.389706 0.999253
0 0.965625 0.726389 0.04375 0.175 0.971604 0.690853 0.991922 0.970315 0.658774 0.960237 0.967397 0.632782 0.643306 0.966642 0.794481 0.989424
0 0.76875 0.558333 0.071875 0.288889 0.771426 0.560655 0.999572 0.77779 0.62055 0.999197 0.782833 0.667938 0.984684 0.753592 0.436166 0.993499
0 0.546875 0.341667 0.134375 0.155556 0.570306 0.316621 0.999869 0.600002 0.299352 0.999453 0.622187 0.290487 0.985924 0.48895 0.389706 0.999253
0 0.965625 0.726389 0.04375 0.175 0.971604 0.690853 0.991922 0.970315 0.658774 0.960237 0.967397 0.632782 0.643306 0.966642 0.794481 0.989424
0 0.76875 0.558333 0.071875 0.288889 0.771426 0.560655 0.999572 0.77779 0.62055 0.999197 0.782833 0.667938 0.984684 0.753592 0.436166 0.993499
0 0.225781 0.801389 0.0359375 0.152778 0.225576 0.791606 0.999732 0.228168 0.828563 0.999761 0.230139 0.85211 0.998051 0.219909 0.730296 0.993894
0 0.0125 0.481944 0.025 0.213889 0 0 0.330765 0.00580818 0.532146 0.705823 0.00840749 0.558753 0.84996 0 0 0.146056
0 0.546875 0.341667 0.134375 0.155556 0.570306 0.316621 0.999869 0.600002 0.299352 0.999453 0.622187 0.290487 0.985924 0.48895 0.389706 0.999253
0 0.560156 0.338889 0.160938 0.15 0.575003 0.313948 0.999854 0.605603 0.297497 0.999289 0.627194 0.288284 0.978827 0.487453 0.384159 0.999479
0 0.965625 0.726389 0.04375 0.175 0.971604 0.690853 0.991922 0.970315 0.658774 0.960237 0.967397 0.632782 0.643306 0.966642 0.794481 0.989424
0 0.538281 0.343056 0.120312 0.158333 0.564493 0.324199 0.999627 0.588305 0.303782 0.998291 0.605875 0.287692 0.959917 0.494698 0.401763 0.998203
0 0.76875 0.558333 0.071875 0.288889 0.771426 0.560655 0.999572 0.77779 0.62055 0.999197 0.782833 0.667938 0.984684 0.753592 0.436166 0.993499
0 0.542188 0.345833 0.109375 0.152778 0.570122 0.343823 0.999738 0.593248 0.328213 0.999157 0.610765 0.321736 0.984538 0.506393 0.421671 0.997568
0 0.76875 0.569444 0.06875 0.305556 0.771411 0.564701 0.999829 0.774525 0.628577 0.999599 0.777032 0.679212 0.989134 0.758598 0.433223 0.997348
0 0.767187 0.540278 0.071875 0.258333 0.772592 0.542898 0.999187 0.775699 0.588673 0.997743 0.778452 0.619457 0.977171 0.758989 0.445068 0.991436
0 0.225781 0.801389 0.0359375 0.152778 0.225576 0.791606 0.999732 0.228168 0.828563 0.999761 0.230139 0.85211 0.998051 0.219909 0.730296 0.993894
0 0.965625 0.716667 0.04375 0.161111 0.971786 0.683319 0.997893 0.967153 0.654674 0.996993 0.959183 0.637356 0.975761 0.969265 0.76429 0.98199
0 0.769531 0.581944 0.0671875 0.330556 0.771291 0.565798 0.999853 0.775315 0.636601 0.999532 0.777941 0.690728 0.984495 0.765146 0.417882 0.995178
0 0.0125 0.481944 0.025 0.213889 0 0 0.330765 0.00580818 0.532146 0.705823 0.00840749 0.558753 0.84996 0 0 0.146056
0 0.226562 0.761111 0.034375 0.172222 0.225924 0.773904 0.998858 0.223381 0.818509 0.998655 0.220083 0.84445 0.994215 0.225838 0.668128 0.987963
0 0.223438 0.788889 0.034375 0.161111 0.22529 0.78868 0.999764 0.227857 0.82683 0.999713 0.228681 0.850329 0.996973 0.216889 0.716872 0.998619
0 0.965625 0.705556 0.053125 0.2 0.976937 0.700844 0.948393 0.975602 0.663887 0.927862 0.969843 0.642282 0.861025 0.969157 0.778864 0.907592
0 0.546875 0.341667 0.134375 0.155556 0.570306 0.316621 0.999869 0.600002 0.299352 0.999453 0.622187 0.290487 0.985924 0.48895 0.389706 0.999253
0 0.965625 0.726389 0.04375 0.175 0.971604 0.690853 0.991922 0.970315 0.658774 0.960237 0.967397 0.632782 0.643306 0.966642 0.794481 0.989424
0 0.76875 0.558333 0.071875 0.288889 0.771426 0.560655 0.999572 0.77779 0.62055 0.999197 0.782833 0.667938 0.984684 0.753592 0.436166 0.993499
0 0.225781 0.801389 0.0359375 0.152778 0.225576 0.791606 0.999732 0.228168 0.828563 0.999761 0.230139 0.85211 0.998051 0.219909 0.730296 0.993894
0 0.0125 0.481944 0.025 0.213889 0 0 0.330765 0.00580818 0.532146 0.705823 0.00840749 0.558753 0.84996 0 0 0.146056
