0 0.257812 0.626389 0.103125 0.0861111 0.25695 0.623118 0.99913 0.28192 0.62027 0.999634 0.298881 0.619924 0.997693 0 0 0.359891
0 0.767187 0.233333 0.128125 0.288889 0.775995 0.203693 0.99977 0.750213 0.277525 0.999976 0.730565 0.339271 0.999825 0 0 0.236336
0 0.20625 0.893056 0.0625 0.191667 0.213474 0.86952 0.998267 0.20129 0.908308 0.996664 0.190923 0.933809 0.938282 0.230745 0.804058 0.783248
0 0.257812 0.626389 0.103125 0.0861111 0.25695 0.623118 0.99913 0.28192 0.62027 0.999634 0.298881 0.619924 0.997693 0 0 0.359891
0 0.767187 0.233333 0.128125 0.288889 0.775995 0.203693 0.99977 0.750213 0.277525 0.999976 0.730565 0.339271 0.999825 0 0 0.236336
0 0.20625 0.893056 0.0625 0.191667 0.213474 0.86952 0.998267 0.20129 0.908308 0.996664 0.190923 0.933809 0.938282 0.230745 0.804058 0.783248
0 0.257812 0.626389 0.103125 0.0861111 0.25695 0.623118 0.99913 0.28192 0.62027 0.999634 0.298881 0.619924 0.997693 0 0 0.359891
0 0.767187 0.233333 0.128125 0.288889 0.775995 0.203693 0.99977 0.750213 0.277525 0.999976 0.730565 0.339271 0.999825 0 0 0.236336
0 0.20625 0.893056 0.0625 0.191667 0.213474 0.86952 0.998267 0.20129 0.908308 0.996664 0.190923 0.933809 0.938282 0.230745 0.804058 0.783248
0 0.633594 0.265278 0.0609375 0.113889 0.629213 0.271526 0.998566 0.620684 0.294401 0.998551 0.613985 0.310059 0.994435 0.651518 0.212678 0.997414
0 0.190625 0.475 0.0625 0.15 0.199701 0.469908 0.99863 0.202278 0.462052 0.998799 0.204269 0.454213 0.989022 0.199362 0.491041 0.595434
0 0.0101562 0.368056 0.0203125 0.202778 0.0127362 0.334687 0.926928 0.0138889 0.301809 0.748198 0 0 0.315648 0.00225384 0.442899 0.877606
0 0.015625 0.758333 0.03125 0.122222 0.0143763 0.756822 0.67645 0.0125764 0.764125 0.649527 0.0127789 0.766967 0.60937 0.0215171 0.735392 0.848005
0 0.257812 0.626389 0.103125 0.0861111 0.25695 0.623118 0.99913 0.28192 0.62027 0.999634 0.298881 0.619924 0.997693 0 0 0.359891
0 0.767187 0.233333 0.128125 0.288889 0.775995 0.203693 0.99977 0.750213 0.277525 0.999976 0.730565 0.339271 0.999825 0 0 0.236336
0 0.76875 0.226389 0.121875 0.269444 0.781953 0.182508 0.999809 0.75654 0.256111 0.99995 0.737804 0.315656 0.999457 0 0 0.370149
0 0.20625 0.893056 0.0625 0.191667 0.213474 0.86952 0.998267 0.20129 0.908308 0.996664 0.190923 0.933809 0.938282 0.230745 0.804058 0.783248
0 0.208594 0.8875 0.0578125 0.180556 0.214204 0.865901 0.998578 0.205908 0.90035 0.997841 0.198031 0.92417 0.97707 0.229698 0.806883 0.94929
0 0.78125 0.191667 0.096875 0.194444 0.789701 0.165027 0.999411 0.770718 0.221651 0.999765 0.75658 0.26754 0.998102 0 0 0.38343
0 0.203906 0.893056 0.0671875 0.202778 0.209429 0.869409 0.998803 0.196987 0.911422 0.99213 0.187444 0.934061 0.596163 0 0 0.460983
0 0.2 0.897222 0.071875 0.205556 0.206578 0.871695 0.998906 0.19458 0.920559 0.989881 0 0 0.441233 0 0 0.250623
0 0.633594 0.265278 0.0609375 0.113889 0.629213 0.271526 0.998566 0.620684 0.294401 0.998551 0.613985 0.310059 0.994435 0.651518 0.212678 0.997414
0 0.190625 0.475 0.0625 0.15 0.199701 0.469908 0.99863 0.202278 0.462052 0.998799 0.204269 0.454213 0.989022 0.199362 0.491041 0.595434
0 0.194531 0.469444 0.0578125 0.138889 0.200561 0.457699 0.99672 0.203358 0.449072 0.996947 0.205066 0.441295 0.978119 0.198333 0.476852 0.764816
0 0.635156 0.261111 0.0515625 0.122222 0.629088 0.265672 0.987094 0.618039 0.288599 0.984436 0.608707 0.302805 0.961079 0.652398 0.199131 0.971608
0 0.0101562 0.368056 0.0203125 0.202778 0.0127362 0.334687 0.926928 0.0138889 0.301809 0.748198 0 0 0.315648 0.00225384 0.442899 0.877606
0 0.015625 0.758333 0.03125 0.122222 0.0143763 0.756822 0.67645 0.0125764 0.764125 0.649527 0.0127789 0.766967 0.60937 0.0215171 0.735392 0.848005
0 0.257812 0.626389 0.103125 0.0861111 0.25695 0.623118 0.99913 0.28192 0.62027 0.999634 0.298881 0.619924 0.997693 0 0 0.359891
0 0.767187 0.233333 0.128125 0.288889 0.775995 0.203693 0.99977 0.750213 0.277525 0.999976 0.730565 0.339271 0.999825 0 0 0.236336
0 0.20625 0.893056 0.0625 0.191667 0.213474 0.86952 0.998267 0.20129 0.908308 0.996664 0.190923 0.933809 0.938282 0.230745 0.804058 0.783248
0 0.633594 0.265278 0.0609375 0.113889 0.629213 0.271526 0.998566 0.620684 0.294401 0.998551 0.613985 0.310059 0.994435 0.651518 0.212678 0.997414
0 0.190625 0.475 0.0625 0.15 0.199701 0.469908 0.99863 0.202278 0.462052 0.998799 0.204269 0.454213 0.989022 0.199362 0.491041 0.595434
0 0.0101562 0.368056 0.0203125 0.202778 0.0127362 0.334687 0.926928 0.0138889 0.301809 0.748198 0 0 0.315648 0.00225384 0.442899 0.877606
0 0.015625 0.758333 0.03125 0.122222 0.0143763 0.756822 0.67645 0.0125764 0.764125 0.649527 0.0127789 0.766967 0.60937 0.0215171 0.735392 0.848005
