0 0.0898438 0.102778 0.0546875 0.205556 0.0851844 0.0638729 0.998241 0.0920486 0.125754 0.999583 0.0961234 0.173032 0.99721 0 0 0.0285636
0 0.773438 0.629167 0.078125 0.125 0.773083 0.64193 0.999776 0.75624 0.666404 0.999844 0.744141 0.682069 0.998868 0.806745 0.585091 0.994973
0 0.178125 0.240278 0.040625 0.152778 0.181876 0.219241 0.999541 0.183843 0.241613 0.99968 0.185419 0.260775 0.998031 0.175639 0.154762 0.984578
0 0.0898438 0.102778 0.0546875 0.205556 0.0851844 0.0638729 0.998241 0.0920486 0.125754 0.999583 0.0961234 0.173032 0.99721 0 0 0.0285636
0 0.773438 0.629167 0.078125 0.125 0.773083 0.64193 0.999776 0.75624 0.666404 0.999844 0.744141 0.682069 0.998868 0.806745 0.585091 0.994973
0 0.178125 0.240278 0.040625 0.152778 0.181876 0.219241 0.999541 0.183843 0.241613 0.99968 0.185419 0.260775 0.998031 0.175639 0.154762 0.984578
0 0.0898438 0.102778 0.0546875 0.205556 0.0851844 0.0638729 0.998241 0.0920486 0.125754 0.999583 0.0961234 0.173032 0.99721 0 0 0.0285636
0 0.773438 0.629167 0.078125 0.125 0.773083 0.64193 0.999776 0.75624 0.666404 0.999844 0.744141 0.682069 0.998868 0.806745 0.585091 0.994973
0 0.178125 0.240278 0.040625 0.152778 0.181876 0.219241 0.999541 0.183843 0.241613 0.99968 0.185419 0.260775 0.998031 0.175639 0.154762 0.984578
0 0.285937 0.127778 0.096875 0.0611111 0.282111 0.124786 0.998891 0.262535 0.122035 0.999196 0.247851 0.122049 0.992783 0.313345 0.130967 0.68393
0 0.246094 0.673611 0.0609375 0.152778 0.251749 0.683363 0.997327 0.260965 0.714728 0.992201 0.266324 0.730805 0.894553 0.223644 0.61354 0.996312
0 0.0898438 0.102778 0.0546875 0.205556 0.0851844 0.0638729 0.998241 0.0920486 0.125754 0.999583 0.0961234 0.173032 0.99721 0 0 0.0285636
0 0.773438 0.629167 0.078125 0.125 0.773083 0.64193 0.999776 0.75624 0.666404 0.999844 0.744141 0.682069 0.998868 0.806745 0.585091 0.994973
0 0.775781 0.625 0.0796875 0.133333 0.773983 0.633089 0.999445 0.757303 0.663465 0.999781 0.747585 0.680414 0.999033 0.809491 0.567253 0.930985
0 0.178125 0.240278 0.040625 0.152778 0.181876 0.219241 0.999541 0.183843 0.241613 0.99968 0.185419 0.260775 0.998031 0.175639 0.154762 0.984578
0 0.179688 0.245833 0.040625 0.169444 0.181243 0.22753 0.999659 0.182748 0.241586 0.999699 0.182665 0.252858 0.997347 0.176791 0.202026 0.97393
0 0.772656 0.6375 0.0734375 0.108333 0.771722 0.645308 0.999092 0.754831 0.667526 0.999425 0.742374 0.681216 0.99691 0.799811 0.595796 0.969878
0 0.285937 0.127778 0.096875 0.0611111 0.282111 0.124786 0.998891 0.262535 0.122035 0.999196 0.247851 0.122049 0.992783 0.313345 0.130967 0.68393
0 0.289844 0.131944 0.104687 0.0694444 0.282358 0.126671 0.997391 0.262827 0.122055 0.998144 0.248202 0.120781 0.987311 0 0 0.43147
0 0.292969 0.125 0.110937 0.0555556 0.286963 0.12635 0.999494 0.266583 0.12448 0.999694 0.250557 0.124578 0.997616 0.319444 0.125748 0.883112
0 0.769531 0.626389 0.0765625 0.130556 0.770519 0.63884 0.987509 0.753383 0.668043 0.989261 0.742891 0.6847 0.973 0.805175 0.580403 0.82117
0 0.292969 0.127778 0.114063 0.0666667 0.286941 0.128613 0.998777 0.267137 0.125956 0.999279 0.251062 0.125221 0.994919 0.320448 0.12789 0.649381
0 0.246094 0.673611 0.0609375 0.152778 0.251749 0.683363 0.997327 0.260965 0.714728 0.992201 0.266324 0.730805 0.894553 0.223644 0.61354 0.996312
0 0.180469 0.252778 0.0421875 0.177778 0.181842 0.235624 0.998995 0.182447 0.240753 0.99916 0.181738 0.245102 0.99394 0.179642 0.237958 0.919897
0 0.0898438 0.0986111 0.0484375 0.197222 0.0892247 0.0779885 0.99637 0.0960691 0.137627 0.999566 0.0998523 0.180497 0.998596 0 0 0.0571443
0 0.264062 0.127778 0.05625 0.0611111 0.278715 0.126671 0.99763 0.262408 0.123463 0.998469 0.248739 0.122055 0.991648 0.301445 0.132281 0.706581
0 0.0867188 0.0916667 0.0484375 0.172222 0.0789356 0.0785462 0.991142 0.0890153 0.131826 0.99717 0.0984136 0.163955 0.989467 0 0 0.265671
0 0.244531 0.672222 0.0578125 0.144444 0.253842 0.682434 0.995363 0.264273 0.709058 0.984525 0.270223 0.72321 0.880391 0.22526 0.609202 0.99702
0 0.239844 0.670833 0.0421875 0.136111 0.248305 0.68754 0.989051 0.254151 0.713022 0.984354 0.25375 0.726085 0.947226 0.224252 0.610131 0.957076
0 0.178125 0.227778 0.040625 0.161111 0.177814 0.228618 0.995107 0.181567 0.244978 0.996789 0.185133 0.256875 0.991212 0.170549 0.194003 0.854692
0 0.0898438 0.102778 0.0546875 0.205556 0.0851844 0.0638729 0.998241 0.0920486 0.125754 0.999583 0.0961234 0.173032 0.99721 0 0 0.0285636
0 0.773438 0.629167 0.078125 0.125 0.773083 0.64193 0.999776 0.75624 0.666404 0.999844 0.744141 0.682069 0.998868 0.806745 0.585091 0.994973
0 0.178125 0.240278 0.040625 0.152778 0.181876 0.219241 0.999541 0.183843 0.241613 0.99968 0.185419 0.260775 0.998031 0.175639 0.154762 0.984578
0 0.285937 0.127778 0.096875 0.0611111 0.282111 0.124786 0.998891 0.262535 0.122035 0.999196 0.247851 0.122049 0.992783 0.313345 0.130967 0.68393
0 0.246094 0.673611 0.0609375 0.152778 0.251749 0.683363 0.997327 0.260965 0.714728 0.992201 0.266324 0.730805 0.894553 0.223644 0.61354 0.996312
