0 0.254687 0.744444 0.04375 0.133333 0.253857 0.742043 0.999683 0.257828 0.759211 0.999697 0.26025 0.771073 0.997208 0.248058 0.723118 0.988469
0 0.254687 0.744444 0.04375 0.133333 0.253857 0.742043 0.999683 0.257828 0.759211 0.999697 0.26025 0.771073 0.997208 0.248058 0.723118 0.988469
0 0.254687 0.744444 0.04375 0.133333 0.253857 0.742043 0.999683 0.257828 0.759211 0.999697 0.26025 0.771073 0.997208 0.248058 0.723118 0.988469
0 0.700781 0.148611 0.0484375 0.197222 0.697935 0.140271 0.998875 0.699264 0.185694 0.996709 0.69947 0.217728 0.936424 0.697954 0.0503361 0.97931
0 0.753125 0.320833 0.05625 0.0916667 0.759411 0.318159 0.994981 0.76829 0.336268 0.993817 0.773112 0.352297 0.966539 0.732411 0.285153 0.962349
0 0.477344 0.3 0.0953125 0.105556 0.48988 0.286722 0.995545 0.507161 0.271138 0.991533 0.520555 0.260455 0.952954 0.435729 0.341953 0.994491
0 0.254687 0.744444 0.04375 0.133333 0.253857 0.742043 0.999683 0.257828 0.759211 0.999697 0.26025 0.771073 0.997208 0.248058 0.723118 0.988469
0 0.252344 0.748611 0.0453125 0.125 0.253254 0.751137 0.993529 0.257236 0.766258 0.994177 0.25893 0.777924 0.98368 0.243276 0.730052 0.934201
0 0.700781 0.148611 0.0484375 0.197222 0.697935 0.140271 0.998875 0.699264 0.185694 0.996709 0.69947 0.217728 0.936424 0.697954 0.0503361 0.97931
0 0.753125 0.320833 0.05625 0.0916667 0.759411 0.318159 0.994981 0.76829 0.336268 0.993817 0.773112 0.352297 0.966539 0.732411 0.285153 0.962349
0 0.248437 0.745833 0.046875 0.125 0.250788 0.75152 0.994281 0.255629 0.765618 0.994976 0.259617 0.778179 0.984376 0.239611 0.726396 0.923522
0 0.7 0.143056 0.046875 0.175 0.698758 0.133249 0.998475 0.700745 0.167367 0.997639 0.702725 0.194969 0.981588 0.69449 0.0598679 0.973487
0 0.753906 0.319444 0.0515625 0.1 0.759936 0.318434 0.997715 0.766859 0.336317 0.998414 0.770999 0.349743 0.993345 0.734416 0.285931 0.933286
0 0.477344 0.3 0.0953125 0.105556 0.48988 0.286722 0.995545 0.507161 0.271138 0.991533 0.520555 0.260455 0.952954 0.435729 0.341953 0.994491
0 0.700781 0.130556 0.0421875 0.183333 0.698036 0.13792 0.996592 0.697577 0.179394 0.996437 0.695915 0.205232 0.987555 0.694454 0.0527567 0.954629
0 0.254687 0.744444 0.04375 0.133333 0.253857 0.742043 0.999683 0.257828 0.759211 0.999697 0.26025 0.771073 0.997208 0.248058 0.723118 0.988469
0 0.700781 0.148611 0.0484375 0.197222 0.697935 0.140271 0.998875 0.699264 0.185694 0.996709 0.69947 0.217728 0.936424 0.697954 0.0503361 0.97931
0 0.753125 0.320833 0.05625 0.0916667 0.759411 0.318159 0.994981 0.76829 0.336268 0.993817 0.773112 0.352297 0.966539 0.732411 0.285153 0.962349
0 0.477344 0.3 0.0953125 0.105556 0.48988 0.286722 0.995545 0.507161 0.271138 0.991533 0.520555 0.260455 0.952954 0.435729 0.341953 0.994491
