0 0.828906 0.913889 0.126563 0.172222 0.834835 0.915895 0.999829 0.806929 0.950323 0.999738 0.785098 0.97315 0.996394 0.883066 0.843523 0.99858
0 0.0664062 0.573611 0.126563 0.102778 0.0592427 0.564579 0.999744 0.0565997 0.559487 0.999558 0.0569817 0.556674 0.993617 0.088572 0.584876 0.985192
0 0.136719 0.877778 0.0828125 0.238889 0.133453 0.862804 0.999583 0.127475 0.805452 0.999539 0.121317 0.764843 0.995323 0.149761 0.987054 0.949029
0 0.526563 0.404167 0.071875 0.136111 0.531259 0.401509 0.999855 0.519882 0.427731 0.999905 0.511702 0.445689 0.999377 0.557617 0.34161 0.997591
0 0.828906 0.913889 0.126563 0.172222 0.834835 0.915895 0.999829 0.806929 0.950323 0.999738 0.785098 0.97315 0.996394 0.883066 0.843523 0.99858
0 0.0664062 0.573611 0.126563 0.102778 0.0592427 0.564579 0.999744 0.0565997 0.559487 0.999558 0.0569817 0.556674 0.993617 0.088572 0.584876 0.985192
0 0.136719 0.877778 0.0828125 0.238889 0.133453 0.862804 0.999583 0.127475 0.805452 0.999539 0.121317 0.764843 0.995323 0.149761 0.987054 0.949029
0 0.526563 0.404167 0.071875 0.136111 0.531259 0.401509 0.999855 0.519882 0.427731 0.999905 0.511702 0.445689 0.999377 0.557617 0.34161 0.997591
0 0.828906 0.913889 0.126563 0.172222 0.834835 0.915895 0.999829 0.806929 0.950323 0.999738 0.785098 0.97315 0.996394 0.883066 0.843523 0.99858
0 0.0664062 0.573611 0.126563 0.102778 0.0592427 0.564579 0.999744 0.0565997 0.559487 0.999558 0.0569817 0.556674 0.993617 0.088572 0.584876 0.985192
0 0.136719 0.877778 0.0828125 0.238889 0.133453 0.862804 0.999583 0.127475 0.805452 0.999539 0.121317 0.764843 0.995323 0.149761 0.987054 0.949029
0 0.526563 0.404167 0.071875 0.136111 0.531259 0.401509 0.999855 0.519882 0.427731 0.999905 0.511702 0.445689 0.999377 0.557617 0.34161 0.997591
0 0.611719 0.761111 0.0703125 0.283333 0.613347 0.748299 0.999945 0.619012 0.788702 0.999885 0.622828 0.821916 0.995564 0.607049 0.684932 0.917785
0 0.828906 0.913889 0.126563 0.172222 0.834835 0.915895 0.999829 0.806929 0.950323 0.999738 0.785098 0.97315 0.996394 0.883066 0.843523 0.99858
0 0.0664062 0.573611 0.126563 0.102778 0.0592427 0.564579 0.999744 0.0565997 0.559487 0.999558 0.0569817 0.556674 0.993617 0.088572 0.584876 0.985192
0 0.0664062 0.565278 0.126563 0.108333 0.0575237 0.554375 0.999485 0.0648555 0.560625 0.998915 0.0713271 0.564552 0.981742 0.0569851 0.564196 0.947185
0 0.136719 0.877778 0.0828125 0.238889 0.133453 0.862804 0.999583 0.127475 0.805452 0.999539 0.121317 0.764843 0.995323 0.149761 0.987054 0.949029
0 0.526563 0.404167 0.071875 0.136111 0.531259 0.401509 0.999855 0.519882 0.427731 0.999905 0.511702 0.445689 0.999377 0.557617 0.34161 0.997591
0 0.527344 0.398611 0.0703125 0.130556 0.531793 0.39887 0.999799 0.520452 0.423627 0.999874 0.511226 0.440709 0.999258 0.558915 0.342012 0.996515
0 0.523438 0.408333 0.078125 0.144444 0.528064 0.404752 0.999827 0.518168 0.42996 0.999907 0.512466 0.444384 0.999436 0.553776 0.352169 0.996798
0 0.06875 0.579167 0.128125 0.0916667 0.0659162 0.570457 0.998085 0.0546034 0.569562 0.998567 0.0508904 0.567634 0.994711 0.103043 0.592534 0.93173
0 0.528906 0.391667 0.0671875 0.116667 0.532902 0.398771 0.995095 0.519227 0.4216 0.995322 0.509367 0.438256 0.9847 0.561042 0.344778 0.94855
0 0.05 0.563889 0.096875 0.105556 0.0543934 0.562201 0.995908 0.0672457 0.569586 0.993372 0.0766655 0.572738 0.952912 0.0290395 0.549245 0.796277
0 0.611719 0.761111 0.0703125 0.283333 0.613347 0.748299 0.999945 0.619012 0.788702 0.999885 0.622828 0.821916 0.995564 0.607049 0.684932 0.917785
0 0.528906 0.394444 0.0671875 0.133333 0.530604 0.397565 0.999356 0.520163 0.4232 0.999606 0.512721 0.443412 0.998372 0.557989 0.338565 0.992616
0 0.828906 0.913889 0.126563 0.172222 0.834835 0.915895 0.999829 0.806929 0.950323 0.999738 0.785098 0.97315 0.996394 0.883066 0.843523 0.99858
0 0.0664062 0.573611 0.126563 0.102778 0.0592427 0.564579 0.999744 0.0565997 0.559487 0.999558 0.0569817 0.556674 0.993617 0.088572 0.584876 0.985192
0 0.136719 0.877778 0.0828125 0.238889 0.133453 0.862804 0.999583 0.127475 0.805452 0.999539 0.121317 0.764843 0.995323 0.149761 0.987054 0.949029
0 0.526563 0.404167 0.071875 0.136111 0.531259 0.401509 0.999855 0.519882 0.427731 0.999905 0.511702 0.445689 0.999377 0.557617 0.34161 0.997591
0 0.611719 0.761111 0.0703125 0.283333 0.613347 0.748299 0.999945 0.619012 0.788702 0.999885 0.622828 0.821916 0.995564 0.607049 0.684932 0.917785
