0 0.34375 0.0791667 0.053125 0.136111 0.352228 0.0624546 0.999725 0.355907 0.0470948 0.999295 0.357134 0.0308729 0.989476 0.330013 0.12088 0.999158
0 0.379687 0.240278 0.05625 0.158333 0.382367 0.224206 0.999456 0.386164 0.205069 0.999184 0.389779 0.189289 0.992458 0.36693 0.312011 0.99588
0 0.550781 0.413889 0.0359375 0.127778 0.549209 0.410714 0.999127 0.553477 0.435859 0.999345 0.556997 0.459378 0.997176 0.546715 0.357823 0.996039
0 0.959375 0.206944 0.06875 0.125 0.962109 0.209499 0.984173 0.948654 0.228851 0.978745 0.936915 0.24245 0.935837 0.983337 0.155216 0.993083
0 0.817969 0.409722 0.0921875 0.0638889 0.823069 0.403154 0.999072 0.84625 0.406362 0.999165 0.861419 0.413158 0.995588 0.765023 0.410913 0.986835
0 0.277344 0.786111 0.0921875 0.116667 0.277017 0.789071 0.999557 0.279913 0.781212 0.999706 0.282776 0.767445 0.996435 0 0 0.235273
0 0.0140625 0.798611 0.028125 0.202778 0.0190538 0.813402 0.969429 0.0183127 0.845003 0.967213 0.0171635 0.866416 0.876356 0.0195815 0.741697 0.594138
0 0.34375 0.0791667 0.053125 0.136111 0.352228 0.0624546 0.999725 0.355907 0.0470948 0.999295 0.357134 0.0308729 0.989476 0.330013 0.12088 0.999158
0 0.379687 0.229167 0.05625 0.186111 0.38276 0.217677 0.999808 0.387552 0.192584 0.99973 0.391127 0.174512 0.997135 0.365957 0.306589 0.998186
0 0.377344 0.225 0.0546875 0.188889 0.378551 0.20585 0.999632 0.382973 0.177655 0.999213 0.385296 0.162935 0.989441 0.370383 0.297355 0.994492
0 0.34375 0.0722222 0.05625 0.127778 0.351181 0.0618859 0.999636 0.356652 0.0435125 0.999316 0.359106 0.0316692 0.993213 0.325577 0.122796 0.999062
0 0.344531 0.0958333 0.0484375 0.163889 0.351101 0.080428 0.9999 0.353608 0.0580516 0.999484 0.35284 0.0345534 0.984236 0.338971 0.148683 0.999063
0 0.379687 0.240278 0.05625 0.158333 0.382367 0.224206 0.999456 0.386164 0.205069 0.999184 0.389779 0.189289 0.992458 0.36693 0.312011 0.99588
0 0.375781 0.238889 0.0484375 0.161111 0.380504 0.218098 0.999345 0.382233 0.197943 0.999055 0.383061 0.184026 0.992103 0.369727 0.308646 0.994642
0 0.342969 0.0819444 0.0484375 0.125 0.353114 0.0635395 0.996136 0.357453 0.050495 0.992177 0.357997 0.0361174 0.956902 0.327348 0.104965 0.997952
0 0.344531 0.0736111 0.0515625 0.119444 0.352649 0.0556999 0.997674 0.357283 0.0393274 0.996528 0.358323 0.0279197 0.981931 0.32411 0.105812 0.998217
0 0.382812 0.229167 0.0625 0.186111 0.385731 0.221286 0.999626 0.391401 0.186687 0.999576 0.394736 0.162699 0.997335 0.371823 0.297086 0.990661
0 0.34375 0.0736111 0.05625 0.108333 0.350528 0.0611728 0.996776 0.35884 0.0410013 0.995884 0.363686 0.0253971 0.985754 0.324037 0.103835 0.9716
0 0.550781 0.413889 0.0359375 0.127778 0.549209 0.410714 0.999127 0.553477 0.435859 0.999345 0.556997 0.459378 0.997176 0.546715 0.357823 0.996039
0 0.959375 0.206944 0.06875 0.125 0.962109 0.209499 0.984173 0.948654 0.228851 0.978745 0.936915 0.24245 0.935837 0.983337 0.155216 0.993083
0 0.957031 0.208333 0.0734375 0.127778 0.956763 0.213902 0.999476 0.942994 0.236527 0.999204 0.931846 0.252339 0.993875 0.987545 0.151107 0.999332
0 0.364844 0.198611 0.0390625 0.202778 0.371042 0.186584 0.999951 0.376941 0.165191 0.999876 0.382992 0.153582 0.99702 0.361608 0.267952 0.997219
0 0.95 0.202778 0.075 0.133333 0.95795 0.213799 0.982797 0.938929 0.236618 0.967834 0.926159 0.251023 0.899372 0.997257 0.14449 0.96196
0 0.817969 0.409722 0.0921875 0.0638889 0.823069 0.403154 0.999072 0.84625 0.406362 0.999165 0.861419 0.413158 0.995588 0.765023 0.410913 0.986835
0 0.277344 0.786111 0.0921875 0.116667 0.277017 0.789071 0.999557 0.279913 0.781212 0.999706 0.282776 0.767445 0.996435 0 0 0.235273
0 0.813281 0.409722 0.101562 0.0694444 0.823072 0.402138 0.997801 0.846876 0.407499 0.998207 0.861857 0.41329 0.992007 0.763813 0.404458 0.973195
0 0.9625 0.202778 0.065625 0.122222 0.967306 0.206616 0.941531 0.955264 0.225124 0.901612 0.948222 0.234652 0.804516 0.985591 0.152743 0.98222
0 0.0140625 0.798611 0.028125 0.202778 0.0190538 0.813402 0.969429 0.0183127 0.845003 0.967213 0.0171635 0.866416 0.876356 0.0195815 0.741697 0.594138
0 0.34375 0.0791667 0.053125 0.136111 0.352228 0.0624546 0.999725 0.355907 0.0470948 0.999295 0.357134 0.0308729 0.989476 0.330013 0.12088 0.999158
0 0.379687 0.240278 0.05625 0.158333 0.382367 0.224206 0.999456 0.386164 0.205069 0.999184 0.389779 0.189289 0.992458 0.36693 0.312011 0.99588
0 0.550781 0.413889 0.0359375 0.127778 0.549209 0.410714 0.999127 0.553477 0.435859 0.999345 0.556997 0.459378 0.997176 0.546715 0.357823 0.996039
0 0.959375 0.206944 0.06875 0.125 0.962109 0.209499 0.984173 0.948654 0.228851 0.978745 0.936915 0.24245 0.935837 0.983337 0.155216 0.993083
0 0.817969 0.409722 0.0921875 0.0638889 0.823069 0.403154 0.999072 0.84625 0.406362 0.999165 0.861419 0.413158 0.995588 0.765023 0.410913 0.986835
0 0.277344 0.786111 0.0921875 0.116667 0.277017 0.789071 0.999557 0.279913 0.781212 0.999706 0.282776 0.767445 0.996435 0 0 0.235273
0 0.0140625 0.798611 0.028125 0.202778 0.0190538 0.813402 0.969429 0.0183127 0.845003 0.967213 0.0171635 0.866416 0.876356 0.0195815 0.741697 0.594138
