0 0.260156 0.919444 0.0609375 0.161111 0.261632 0.912912 0.999226 0.258219 0.875976 0.99956 0.253449 0.848589 0.99771 0.266674 0.991944 0.897619
0 0.54375 0.727778 0.05625 0.333333 0.548026 0.74731 0.999838 0.551346 0.813214 0.999749 0.553632 0.863803 0.994289 0.534172 0.58565 0.998566
0 0.260156 0.919444 0.0609375 0.161111 0.261632 0.912912 0.999226 0.258219 0.875976 0.99956 0.253449 0.848589 0.99771 0.266674 0.991944 0.897619
0 0.54375 0.727778 0.05625 0.333333 0.548026 0.74731 0.999838 0.551346 0.813214 0.999749 0.553632 0.863803 0.994289 0.534172 0.58565 0.998566
0 0.260156 0.919444 0.0609375 0.161111 0.261632 0.912912 0.999226 0.258219 0.875976 0.99956 0.253449 0.848589 0.99771 0.266674 0.991944 0.897619
0 0.54375 0.727778 0.05625 0.333333 0.548026 0.74731 0.999838 0.551346 0.813214 0.999749 0.553632 0.863803 0.994289 0.534172 0.58565 0.998566
0 0.780469 0.0375 0.0921875 0.075 0.785478 0.0288459 0.997254 0.762675 0.0218126 0.992105 0.742712 0.0208476 0.85542 0.8246 0.0569376 0.693492
0 0.167187 0.759722 0.0375 0.0972222 0.164859 0.762553 0.987143 0.166553 0.779935 0.984006 0.167725 0.791861 0.941505 0.164824 0.715119 0.97812
0 0.571094 0.479167 0.0984375 0.147222 0.57288 0.455737 0.999694 0.560812 0.45582 0.999837 0.550779 0.457171 0.998382 0.585328 0.468143 0.860949
0 0.236719 0.718056 0.0390625 0.152778 0.240357 0.723937 0.998028 0.241323 0.75486 0.998361 0.241213 0.777121 0.990503 0.23542 0.659859 0.962931
0 0.0226563 0.920833 0.0421875 0.158333 0.01943 0.917537 0.990692 0.0232174 0.950944 0.968522 0.0251357 0.969467 0.698905 0.013959 0.8582 0.94931
0 0.614844 0.323611 0.0734375 0.0916667 0.617807 0.312433 0.998711 0.635124 0.301145 0.999553 0.645573 0.297097 0.998475 0.581751 0.348394 0.863252
0 0.260156 0.919444 0.0609375 0.161111 0.261632 0.912912 0.999226 0.258219 0.875976 0.99956 0.253449 0.848589 0.99771 0.266674 0.991944 0.897619
0 0.54375 0.727778 0.05625 0.333333 0.548026 0.74731 0.999838 0.551346 0.813214 0.999749 0.553632 0.863803 0.994289 0.534172 0.58565 0.998566
0 0.55625 0.498611 0.128125 0.169444 0.555955 0.481313 0.999799 0.563942 0.477244 0.999821 0.568873 0.472515 0.997376 0.510814 0.547867 0.945118
0 0.571875 0.493056 0.1 0.169444 0.571109 0.455959 0.999778 0.564797 0.456269 0.999835 0.558084 0.457625 0.998003 0.564942 0.491549 0.920619
0 0.780469 0.0375 0.0921875 0.075 0.785478 0.0288459 0.997254 0.762675 0.0218126 0.992105 0.742712 0.0208476 0.85542 0.8246 0.0569376 0.693492
0 0.522656 0.511111 0.126563 0.144444 0.538617 0.497039 0.999778 0.553114 0.484905 0.999628 0.560926 0.477161 0.994702 0.481266 0.567292 0.992433
0 0.777344 0.0305556 0.0859375 0.0555556 0.782817 0.0237616 0.993796 0.760269 0.0230601 0.989235 0.741143 0.0222164 0.904344 0.817884 0.0405735 0.6257
0 0.167187 0.759722 0.0375 0.0972222 0.164859 0.762553 0.987143 0.166553 0.779935 0.984006 0.167725 0.791861 0.941505 0.164824 0.715119 0.97812
0 0.545313 0.736111 0.0625 0.305556 0.546292 0.759239 0.99975 0.550227 0.822063 0.999785 0.552376 0.863979 0.997335 0.53744 0.611181 0.994296
0 0.571094 0.479167 0.0984375 0.147222 0.57288 0.455737 0.999694 0.560812 0.45582 0.999837 0.550779 0.457171 0.998382 0.585328 0.468143 0.860949
0 0.780469 0.0333333 0.0921875 0.0666667 0.783788 0.025928 0.997642 0.761733 0.0216074 0.993712 0.743355 0.0196627 0.896029 0.8198 0.0492169 0.783418
0 0.5375 0.504167 0.15625 0.158333 0.548814 0.48585 0.999513 0.551295 0.479233 0.999385 0.54779 0.476947 0.991444 0.494803 0.557614 0.990147
0 0.236719 0.718056 0.0390625 0.152778 0.240357 0.723937 0.998028 0.241323 0.75486 0.998361 0.241213 0.777121 0.990503 0.23542 0.659859 0.962931
0 0.779688 0.0458333 0.09375 0.0916667 0.788384 0.0261876 0.996954 0.763046 0.0203043 0.991098 0.743286 0.0157282 0.808533 0 0 0.406272
0 0.510938 0.523611 0.1 0.119444 0.525906 0.5039 0.999218 0.545242 0.486858 0.998746 0.559422 0.473932 0.990663 0.467942 0.558807 0.997311
0 0.0226563 0.920833 0.0421875 0.158333 0.01943 0.917537 0.990692 0.0232174 0.950944 0.968522 0.0251357 0.969467 0.698905 0.013959 0.8582 0.94931
0 0.236719 0.736111 0.0453125 0.127778 0.239648 0.728614 0.999568 0.240983 0.758777 0.999568 0.240707 0.778079 0.995081 0.233928 0.671865 0.948155
0 0.021875 0.908333 0.040625 0.144444 0.0198891 0.925813 0.798322 0.021751 0.95425 0.810603 0.0210274 0.970462 0.773677 0.01545 0.860052 0.701394
0 0.2375 0.727778 0.04375 0.138889 0.239993 0.72857 0.999167 0.240985 0.76012 0.999312 0.239815 0.778677 0.994215 0.23399 0.662791 0.959844
0 0.258594 0.918056 0.0578125 0.147222 0.263358 0.910065 0.985894 0.257176 0.872791 0.989073 0.252077 0.844452 0.96856 0.267127 0.984317 0.700386
0 0.614844 0.323611 0.0734375 0.0916667 0.617807 0.312433 0.998711 0.635124 0.301145 0.999553 0.645573 0.297097 0.998475 0.581751 0.348394 0.863252
0 0.780469 0.0527778 0.0953125 0.105556 0.78969 0.0367366 0.992552 0.770927 0.0311368 0.979647 0.755304 0.028221 0.753741 0 0 0.375191
0 0.515625 0.522222 0.109375 0.122222 0.533253 0.495298 0.998481 0.551639 0.480265 0.997916 0.566723 0.465535 0.988587 0.482334 0.54925 0.986312
0 0.160938 0.747222 0.046875 0.105556 0.17065 0.76589 0.979732 0.170868 0.779432 0.968673 0.169054 0.786394 0.913917 0.176047 0.706983 0.95876
0 0.509375 0.515278 0.103125 0.136111 0.532765 0.497002 0.999313 0.549087 0.47853 0.998291 0.557654 0.465677 0.982208 0.471325 0.564312 0.998681
0 0.260156 0.919444 0.0609375 0.161111 0.261632 0.912912 0.999226 0.258219 0.875976 0.99956 0.253449 0.848589 0.99771 0.266674 0.991944 0.897619
0 0.54375 0.727778 0.05625 0.333333 0.548026 0.74731 0.999838 0.551346 0.813214 0.999749 0.553632 0.863803 0.994289 0.534172 0.58565 0.998566
0 0.780469 0.0375 0.0921875 0.075 0.785478 0.0288459 0.997254 0.762675 0.0218126 0.992105 0.742712 0.0208476 0.85542 0.8246 0.0569376 0.693492
0 0.167187 0.759722 0.0375 0.0972222 0.164859 0.762553 0.987143 0.166553 0.779935 0.984006 0.167725 0.791861 0.941505 0.164824 0.715119 0.97812
0 0.571094 0.479167 0.0984375 0.147222 0.57288 0.455737 0.999694 0.560812 0.45582 0.999837 0.550779 0.457171 0.998382 0.585328 0.468143 0.860949
0 0.236719 0.718056 0.0390625 0.152778 0.240357 0.723937 0.998028 0.241323 0.75486 0.998361 0.241213 0.777121 0.990503 0.23542 0.659859 0.962931
0 0.0226563 0.920833 0.0421875 0.158333 0.01943 0.917537 0.990692 0.0232174 0.950944 0.968522 0.0251357 0.969467 0.698905 0.013959 0.8582 0.94931
0 0.614844 0.323611 0.0734375 0.0916667 0.617807 0.312433 0.998711 0.635124 0.301145 0.999553 0.645573 0.297097 0.998475 0.581751 0.348394 0.863252
