0 0.272656 0.426389 0.0703125 0.213889 0.279004 0.409629 0.999771 0.273854 0.366075 0.999716 0.267891 0.33777 0.997076 0.284403 0.508138 0.985551
0 0.358594 0.298611 0.0546875 0.197222 0.360217 0.27838 0.999546 0.355751 0.245833 0.998557 0.349947 0.224091 0.978444 0.366523 0.378331 0.999204
0 0.0375 0.259722 0.071875 0.0972222 0.0271327 0.250396 0.992804 0.0130051 0.238072 0.970749 0.0032 0.226561 0.779346 0.0627872 0.290535 0.995932
0 0.553125 0.436111 0.046875 0.161111 0.553342 0.439207 0.999704 0.560396 0.471948 0.999623 0.56656 0.497653 0.996656 0.539411 0.361216 0.99915
0 0.325 0.131944 0.046875 0.102778 0.325727 0.130985 0.999522 0.329622 0.105295 0.999548 0.331834 0.0934102 0.996757 0.318027 0.194645 0.975208
0 0.964844 0.945833 0.0703125 0.108333 0.978866 0.954496 0.969085 0.98419 0.934624 0.956465 0.98216 0.924468 0.72904 0 0 0.130321
0 0.272656 0.426389 0.0703125 0.213889 0.279004 0.409629 0.999771 0.273854 0.366075 0.999716 0.267891 0.33777 0.997076 0.284403 0.508138 0.985551
0 0.358594 0.298611 0.0546875 0.197222 0.360217 0.27838 0.999546 0.355751 0.245833 0.998557 0.349947 0.224091 0.978444 0.366523 0.378331 0.999204
0 0.0375 0.259722 0.071875 0.0972222 0.0271327 0.250396 0.992804 0.0130051 0.238072 0.970749 0.0032 0.226561 0.779346 0.0627872 0.290535 0.995932
0 0.553125 0.436111 0.046875 0.161111 0.553342 0.439207 0.999704 0.560396 0.471948 0.999623 0.56656 0.497653 0.996656 0.539411 0.361216 0.99915
0 0.325 0.131944 0.046875 0.102778 0.325727 0.130985 0.999522 0.329622 0.105295 0.999548 0.331834 0.0934102 0.996757 0.318027 0.194645 0.975208
0 0.964844 0.945833 0.0703125 0.108333 0.978866 0.954496 0.969085 0.98419 0.934624 0.956465 0.98216 0.924468 0.72904 0 0 0.130321
0 0.272656 0.426389 0.0703125 0.213889 0.279004 0.409629 0.999771 0.273854 0.366075 0.999716 0.267891 0.33777 0.997076 0.284403 0.508138 0.985551
0 0.358594 0.298611 0.0546875 0.197222 0.360217 0.27838 0.999546 0.355751 0.245833 0.998557 0.349947 0.224091 0.978444 0.366523 0.378331 0.999204
0 0.0375 0.259722 0.071875 0.0972222 0.0271327 0.250396 0.992804 0.0130051 0.238072 0.970749 0.0032 0.226561 0.779346 0.0627872 0.290535 0.995932
0 0.553125 0.436111 0.046875 0.161111 0.553342 0.439207 0.999704 0.560396 0.471948 0.999623 0.56656 0.497653 0.996656 0.539411 0.361216 0.99915
0 0.325 0.131944 0.046875 0.102778 0.325727 0.130985 0.999522 0.329622 0.105295 0.999548 0.331834 0.0934102 0.996757 0.318027 0.194645 0.975208
0 0.964844 0.945833 0.0703125 0.108333 0.978866 0.954496 0.969085 0.98419 0.934624 0.956465 0.98216 0.924468 0.72904 0 0 0.130321
0 0.93125 0.125 0.075 0.155556 0.936172 0.113838 0.999506 0.924799 0.142675 0.999725 0.914541 0.166306 0.998514 0.961189 0.0583461 0.992066
0 0.0304688 0.1 0.0609375 0.0722222 0.0144865 0.0965275 0.779057 0 0 0.37487 0 0 0.0862508 0.052347 0.117924 0.80693
0 0.539844 0.795833 0.0453125 0.0861111 0.5395 0.79259 0.994617 0.542931 0.799776 0.994508 0.544176 0.804443 0.978599 0.534998 0.776242 0.973904
0 0.132812 0.177778 0.059375 0.0444444 0.130617 0.175186 0.997866 0.135633 0.177251 0.997732 0.139948 0.179752 0.988918 0.122317 0.180347 0.95628
0 0.796875 0.329167 0.109375 0.0583333 0.809311 0.318652 0.999188 0.831718 0.313129 0.999016 0.848633 0.313281 0.994726 0.762435 0.338816 0.994229
0 0.746094 0.1375 0.173438 0.180556 0.755125 0.103096 0.99976 0.788875 0.0739406 0.99873 0.814344 0.0527189 0.949024 0.669753 0.205832 0.987741
0 0.272656 0.426389 0.0703125 0.213889 0.279004 0.409629 0.999771 0.273854 0.366075 0.999716 0.267891 0.33777 0.997076 0.284403 0.508138 0.985551
0 0.358594 0.298611 0.0546875 0.197222 0.360217 0.27838 0.999546 0.355751 0.245833 0.998557 0.349947 0.224091 0.978444 0.366523 0.378331 0.999204
0 0.0375 0.259722 0.071875 0.0972222 0.0271327 0.250396 0.992804 0.0130051 0.238072 0.970749 0.0032 0.226561 0.779346 0.0627872 0.290535 0.995932
0 0.360156 0.301389 0.0484375 0.191667 0.362789 0.276912 0.999635 0.357076 0.24513 0.999069 0.351193 0.218536 0.986349 0.364863 0.379476 0.998819
0 0.553125 0.436111 0.046875 0.161111 0.553342 0.439207 0.999704 0.560396 0.471948 0.999623 0.56656 0.497653 0.996656 0.539411 0.361216 0.99915
0 0.325 0.131944 0.046875 0.102778 0.325727 0.130985 0.999522 0.329622 0.105295 0.999548 0.331834 0.0934102 0.996757 0.318027 0.194645 0.975208
0 0.964844 0.945833 0.0703125 0.108333 0.978866 0.954496 0.969085 0.98419 0.934624 0.956465 0.98216 0.924468 0.72904 0 0 0.130321
0 0.0367187 0.256944 0.0734375 0.102778 0.0262736 0.250535 0.981968 0.0120561 0.239464 0.909229 0.00250311 0.226704 0.507949 0.063689 0.300167 0.991667
0 0.324219 0.1375 0.0453125 0.113889 0.326782 0.134102 0.999696 0.329275 0.106621 0.999754 0.330418 0.0913307 0.998376 0.319402 0.211689 0.991019
0 0.93125 0.125 0.075 0.155556 0.936172 0.113838 0.999506 0.924799 0.142675 0.999725 0.914541 0.166306 0.998514 0.961189 0.0583461 0.992066
0 0.322656 0.15 0.0421875 0.15 0.327486 0.138472 0.999823 0.328098 0.110708 0.999786 0.328321 0.0906864 0.997819 0.321992 0.224394 0.995612
0 0.354688 0.295833 0.053125 0.186111 0.356614 0.268824 0.999891 0.354909 0.24273 0.999721 0.354524 0.234354 0.995875 0.367975 0.36537 0.99881
0 0.0304688 0.1 0.0609375 0.0722222 0.0144865 0.0965275 0.779057 0 0 0.37487 0 0 0.0862508 0.052347 0.117924 0.80693
0 0.555469 0.438889 0.0546875 0.166667 0.55266 0.441377 0.999599 0.561019 0.471762 0.999473 0.5673 0.493599 0.99624 0.542148 0.371894 0.997671
0 0.028125 0.101389 0.05625 0.0694444 0.0135452 0.0943505 0.825122 0 0 0.481452 0 0 0.109137 0.0490416 0.116498 0.756739
0 0.963281 0.945833 0.0734375 0.108333 0.979913 0.955384 0.954004 0.986571 0.934532 0.954124 0.987504 0.912861 0.806164 0 0 0.127352
0 0.324219 0.145833 0.0484375 0.113889 0.325337 0.140559 0.99833 0.326947 0.110062 0.998338 0.329377 0.0868182 0.993926 0.321286 0.216083 0.963494
0 0.0273438 0.1 0.0546875 0.0777778 0.0113392 0.0999916 0.727672 0 0 0.30707 0 0 0.0678702 0.0502426 0.116939 0.830731
0 0.0257812 0.101389 0.0515625 0.075 0.0125512 0.095043 0.783239 0 0 0.41035 0 0 0.0816772 0.0491067 0.112255 0.791877
0 0.965625 0.930556 0.06875 0.138889 0.984585 0.948533 0.856335 0.978727 0.947429 0.864016 0.967638 0.943691 0.656749 0 0 0.231392
0 0.539844 0.795833 0.0453125 0.0861111 0.5395 0.79259 0.994617 0.542931 0.799776 0.994508 0.544176 0.804443 0.978599 0.534998 0.776242 0.973904
0 0.552344 0.431944 0.0484375 0.141667 0.56013 0.4313 0.995692 0.56459 0.463306 0.996303 0.565946 0.48574 0.988506 0.540481 0.356945 0.975485
0 0.132812 0.177778 0.059375 0.0444444 0.130617 0.175186 0.997866 0.135633 0.177251 0.997732 0.139948 0.179752 0.988918 0.122317 0.180347 0.95628
0 0.13125 0.179167 0.0625 0.0472222 0.130011 0.174535 0.999146 0.136143 0.174974 0.999261 0.14056 0.177338 0.995556 0.11961 0.185177 0.97075
0 0.034375 0.259722 0.065625 0.0916667 0.0285816 0.267378 0.812252 0.0193709 0.254882 0.72464 0.0133261 0.249374 0.598539 0.0635501 0.298625 0.863032
0 0.275 0.443056 0.0625 0.175 0.277287 0.430026 0.999463 0.273554 0.423793 0.999167 0.269816 0.415154 0.993233 0.271684 0.476579 0.99234
0 0.796875 0.329167 0.109375 0.0583333 0.809311 0.318652 0.999188 0.831718 0.313129 0.999016 0.848633 0.313281 0.994726 0.762435 0.338816 0.994229
0 0.928906 0.129167 0.0796875 0.163889 0.933621 0.119494 0.999499 0.920079 0.149975 0.999602 0.909208 0.1698 0.996438 0.960271 0.0630439 0.976807
0 0.538281 0.794444 0.0421875 0.0833333 0.539347 0.795792 0.994989 0.543975 0.804264 0.994591 0.547444 0.807529 0.976211 0.536732 0.773688 0.967486
0 0.132031 0.169444 0.0609375 0.0611111 0.132353 0.177123 0.984632 0.139387 0.179117 0.990389 0.143156 0.178746 0.977397 0.11451 0.181607 0.74462
0 0.746094 0.1375 0.173438 0.180556 0.755125 0.103096 0.99976 0.788875 0.0739406 0.99873 0.814344 0.0527189 0.949024 0.669753 0.205832 0.987741
0 0.801562 0.330556 0.103125 0.0666667 0.811539 0.316584 0.998883 0.832193 0.312631 0.998691 0.849606 0.311327 0.994942 0.773455 0.333418 0.996447
0 0.272656 0.422222 0.0640625 0.2 0.274257 0.406265 0.999749 0.271392 0.360147 0.999743 0.269741 0.333943 0.997861 0.287295 0.516104 0.987295
0 0.789844 0.329167 0.126563 0.0583333 0.80692 0.323207 0.998586 0.826965 0.320261 0.99888 0.842479 0.320472 0.995565 0.769232 0.33188 0.989782
0 0.324219 0.1375 0.0484375 0.125 0.326778 0.137684 0.992564 0.33035 0.113624 0.994816 0.334527 0.095881 0.985469 0.317105 0.203044 0.911331
0 0.929688 0.1125 0.078125 0.169444 0.931956 0.116874 0.989835 0.917141 0.1507 0.984381 0.905591 0.173618 0.943767 0.961851 0.0458209 0.931887
0 0.9625 0.940278 0.075 0.119444 0.982072 0.955085 0.541426 0.981317 0.942973 0.584411 0.974019 0.938643 0.573283 0 0 0.32116
0 0.025 0.0902778 0.05 0.0861111 0 0 0.396832 0 0 0.366937 0 0 0.418339 0.0427181 0.131996 0.522277
0 0.0390625 0.263889 0.06875 0.0888889 0.030681 0.26304 0.975621 0.0208075 0.250516 0.967317 0.0137028 0.242831 0.918092 0.0632144 0.291985 0.947433
0 0.272656 0.426389 0.0703125 0.213889 0.279004 0.409629 0.999771 0.273854 0.366075 0.999716 0.267891 0.33777 0.997076 0.284403 0.508138 0.985551
0 0.358594 0.298611 0.0546875 0.197222 0.360217 0.27838 0.999546 0.355751 0.245833 0.998557 0.349947 0.224091 0.978444 0.366523 0.378331 0.999204
0 0.0375 0.259722 0.071875 0.0972222 0.0271327 0.250396 0.992804 0.0130051 0.238072 0.970749 0.0032 0.226561 0.779346 0.0627872 0.290535 0.995932
0 0.553125 0.436111 0.046875 0.161111 0.553342 0.439207 0.999704 0.560396 0.471948 0.999623 0.56656 0.497653 0.996656 0.539411 0.361216 0.99915
0 0.325 0.131944 0.046875 0.102778 0.325727 0.130985 0.999522 0.329622 0.105295 0.999548 0.331834 0.0934102 0.996757 0.318027 0.194645 0.975208
0 0.964844 0.945833 0.0703125 0.108333 0.978866 0.954496 0.969085 0.98419 0.934624 0.956465 0.98216 0.924468 0.72904 0 0 0.130321
0 0.93125 0.125 0.075 0.155556 0.936172 0.113838 0.999506 0.924799 0.142675 0.999725 0.914541 0.166306 0.998514 0.961189 0.0583461 0.992066
0 0.0304688 0.1 0.0609375 0.0722222 0.0144865 0.0965275 0.779057 0 0 0.37487 0 0 0.0862508 0.052347 0.117924 0.80693
0 0.539844 0.795833 0.0453125 0.0861111 0.5395 0.79259 0.994617 0.542931 0.799776 0.994508 0.544176 0.804443 0.978599 0.534998 0.776242 0.973904
0 0.132812 0.177778 0.059375 0.0444444 0.130617 0.175186 0.997866 0.135633 0.177251 0.997732 0.139948 0.179752 0.988918 0.122317 0.180347 0.95628
0 0.796875 0.329167 0.109375 0.0583333 0.809311 0.318652 0.999188 0.831718 0.313129 0.999016 0.848633 0.313281 0.994726 0.762435 0.338816 0.994229
0 0.746094 0.1375 0.173438 0.180556 0.755125 0.103096 0.99976 0.788875 0.0739406 0.99873 0.814344 0.0527189 0.949024 0.669753 0.205832 0.987741
