0 0.148438 0.898611 0.09375 0.113889 0.143049 0.908109 0.999828 0.125638 0.928432 0.999794 0.113869 0.944743 0.998177 0.185864 0.859957 0.998845
0 0.576563 0.595833 0.140625 0.158333 0.563379 0.591249 0.999896 0.53644 0.554247 0.999909 0.516585 0.532796 0.998954 0.62747 0.68404 0.957217
0 0.122656 0.670833 0.0828125 0.0861111 0.126837 0.660388 0.998776 0.130434 0.658097 0.999407 0.134589 0.656084 0.997839 0.12843 0.662463 0.963179
0 0.963281 0.275 0.0734375 0.138889 0.984873 0.25487 0.652061 0 0 0.166409 0 0 0.0234082 0.935614 0.308009 0.978753
0 0.841406 0.531944 0.0578125 0.186111 0.842507 0.536112 0.998838 0.83347 0.578647 0.998474 0.824467 0.616157 0.987973 0.862333 0.449696 0.994507
0 0.0476562 0.75 0.0953125 0.122222 0.0394591 0.754472 0.996575 0.0179033 0.777163 0.984145 0.00569364 0.790391 0.751226 0.0914114 0.707294 0.960773
0 0.0257812 0.918056 0.0484375 0.113889 0.0198865 0.903473 0.957037 0.0296363 0.887519 0.983391 0.0374169 0.881009 0.956715 0 0 0.0970804
0 0.271875 0.515278 0.09375 0.119444 0.277243 0.518895 0.999495 0.25685 0.494442 0.999855 0.239551 0.478187 0.99922 0.309329 0.563788 0.589261
0 0.148438 0.898611 0.09375 0.113889 0.143049 0.908109 0.999828 0.125638 0.928432 0.999794 0.113869 0.944743 0.998177 0.185864 0.859957 0.998845
0 0.576563 0.595833 0.140625 0.158333 0.563379 0.591249 0.999896 0.53644 0.554247 0.999909 0.516585 0.532796 0.998954 0.62747 0.68404 0.957217
0 0.122656 0.670833 0.0828125 0.0861111 0.126837 0.660388 0.998776 0.130434 0.658097 0.999407 0.134589 0.656084 0.997839 0.12843 0.662463 0.963179
0 0.963281 0.275 0.0734375 0.138889 0.984873 0.25487 0.652061 0 0 0.166409 0 0 0.0234082 0.935614 0.308009 0.978753
0 0.841406 0.531944 0.0578125 0.186111 0.842507 0.536112 0.998838 0.83347 0.578647 0.998474 0.824467 0.616157 0.987973 0.862333 0.449696 0.994507
0 0.0476562 0.75 0.0953125 0.122222 0.0394591 0.754472 0.996575 0.0179033 0.777163 0.984145 0.00569364 0.790391 0.751226 0.0914114 0.707294 0.960773
0 0.0257812 0.918056 0.0484375 0.113889 0.0198865 0.903473 0.957037 0.0296363 0.887519 0.983391 0.0374169 0.881009 0.956715 0 0 0.0970804
0 0.271875 0.515278 0.09375 0.119444 0.277243 0.518895 0.999495 0.25685 0.494442 0.999855 0.239551 0.478187 0.99922 0.309329 0.563788 0.589261
0 0.148438 0.898611 0.09375 0.113889 0.143049 0.908109 0.999828 0.125638 0.928432 0.999794 0.113869 0.944743 0.998177 0.185864 0.859957 0.998845
0 0.576563 0.595833 0.140625 0.158333 0.563379 0.591249 0.999896 0.53644 0.554247 0.999909 0.516585 0.532796 0.998954 0.62747 0.68404 0.957217
0 0.122656 0.670833 0.0828125 0.0861111 0.126837 0.660388 0.998776 0.130434 0.658097 0.999407 0.134589 0.656084 0.997839 0.12843 0.662463 0.963179
0 0.963281 0.275 0.0734375 0.138889 0.984873 0.25487 0.652061 0 0 0.166409 0 0 0.0234082 0.935614 0.308009 0.978753
0 0.841406 0.531944 0.0578125 0.186111 0.842507 0.536112 0.998838 0.83347 0.578647 0.998474 0.824467 0.616157 0.987973 0.862333 0.449696 0.994507
0 0.0257812 0.918056 0.0484375 0.113889 0.0198865 0.903473 0.957037 0.0296363 0.887519 0.983391 0.0374169 0.881009 0.956715 0 0 0.0970804
0 0.271875 0.515278 0.09375 0.119444 0.277243 0.518895 0.999495 0.25685 0.494442 0.999855 0.239551 0.478187 0.99922 0.309329 0.563788 0.589261
0 0.0445312 0.755556 0.0890625 0.111111 0.0409867 0.751766 0.980918 0.0191137 0.772451 0.915379 0 0 0.4549 0.0946656 0.723729 0.80739
0 0.511719 0.325 0.129688 0.0611111 0.508622 0.319204 0.999746 0.49734 0.317399 0.999742 0.489396 0.316363 0.998268 0.528646 0.335506 0.991761
0 0.804688 0.831944 0.0875 0.102778 0.805668 0.824656 0.99921 0.813729 0.820275 0.999175 0.818688 0.816874 0.993964 0.775913 0.851268 0.985427
0 0.148438 0.898611 0.09375 0.113889 0.143049 0.908109 0.999828 0.125638 0.928432 0.999794 0.113869 0.944743 0.998177 0.185864 0.859957 0.998845
0 0.576563 0.595833 0.140625 0.158333 0.563379 0.591249 0.999896 0.53644 0.554247 0.999909 0.516585 0.532796 0.998954 0.62747 0.68404 0.957217
0 0.561719 0.580556 0.114063 0.127778 0.558107 0.585132 0.999798 0.532848 0.552779 0.99989 0.51501 0.534207 0.998983 0.614892 0.664219 0.820091
0 0.122656 0.670833 0.0828125 0.0861111 0.126837 0.660388 0.998776 0.130434 0.658097 0.999407 0.134589 0.656084 0.997839 0.12843 0.662463 0.963179
0 0.58125 0.630556 0.15 0.227778 0.56709 0.598202 0.999832 0.53839 0.557598 0.999866 0.518552 0.530856 0.998762 0.631417 0.695373 0.961204
0 0.555469 0.577778 0.101562 0.127778 0.556628 0.579028 0.999749 0.53221 0.550532 0.999763 0.513445 0.533517 0.996768 0.606898 0.649611 0.870521
0 0.963281 0.275 0.0734375 0.138889 0.984873 0.25487 0.652061 0 0 0.166409 0 0 0.0234082 0.935614 0.308009 0.978753
0 0.125 0.666667 0.08125 0.0833333 0.126454 0.661144 0.996074 0.128106 0.66004 0.994557 0.131067 0.655599 0.972399 0.134391 0.660065 0.958374
0 0.841406 0.531944 0.0578125 0.186111 0.842507 0.536112 0.998838 0.83347 0.578647 0.998474 0.824467 0.616157 0.987973 0.862333 0.449696 0.994507
0 0.0476562 0.75 0.0953125 0.122222 0.0394591 0.754472 0.996575 0.0179033 0.777163 0.984145 0.00569364 0.790391 0.751226 0.0914114 0.707294 0.960773
0 0.582812 0.619444 0.153125 0.205556 0.567135 0.594486 0.999919 0.537073 0.554135 0.99983 0.515322 0.524523 0.99703 0.638516 0.706026 0.995245
0 0.838281 0.538889 0.0640625 0.2 0.844844 0.538944 0.999816 0.831122 0.587853 0.999758 0.817588 0.624901 0.996383 0.866677 0.435167 0.997311
0 0.0257812 0.918056 0.0484375 0.113889 0.0198865 0.903473 0.957037 0.0296363 0.887519 0.983391 0.0374169 0.881009 0.956715 0 0 0.0970804
0 0.567969 0.608333 0.126563 0.183333 0.56059 0.591299 0.99971 0.534035 0.555746 0.999883 0.516319 0.533423 0.999404 0.620752 0.676871 0.898309
0 0.271875 0.515278 0.09375 0.119444 0.277243 0.518895 0.999495 0.25685 0.494442 0.999855 0.239551 0.478187 0.99922 0.309329 0.563788 0.589261
0 0.270312 0.509722 0.096875 0.102778 0.270096 0.500154 0.999582 0.252353 0.486019 0.999718 0.236992 0.47366 0.9979 0.298151 0.540748 0.939927
0 0.576563 0.586111 0.140625 0.138889 0.560203 0.58327 0.999899 0.531446 0.552729 0.99983 0.511641 0.528626 0.997352 0.629623 0.673288 0.990039
0 0.841406 0.541667 0.0578125 0.205556 0.842372 0.540442 0.999548 0.830007 0.588888 0.99927 0.81789 0.626333 0.989305 0.86413 0.44491 0.994338
0 0.836719 0.551389 0.0671875 0.225 0.844317 0.542896 0.999862 0.827826 0.596414 0.999884 0.812745 0.634422 0.998452 0.869716 0.43984 0.995216
0 0.025 0.925 0.046875 0.133333 0.0245973 0.914406 0.950507 0.0330928 0.890466 0.953392 0.0399853 0.870515 0.817163 0 0 0.200643
0 0.960938 0.276389 0.075 0.158333 0.974702 0.268728 0.677263 0 0 0.230309 0 0 0.0729443 0.934428 0.32041 0.982973
0 0.0445312 0.755556 0.0890625 0.111111 0.0409867 0.751766 0.980918 0.0191137 0.772451 0.915379 0 0 0.4549 0.0946656 0.723729 0.80739
0 0.120312 0.675 0.084375 0.0944444 0.120258 0.66237 0.998553 0.125262 0.659656 0.999331 0.133915 0.649072 0.997382 0.124099 0.668583 0.876585
0 0.511719 0.325 0.129688 0.0611111 0.508622 0.319204 0.999746 0.49734 0.317399 0.999742 0.489396 0.316363 0.998268 0.528646 0.335506 0.991761
0 0.148438 0.897222 0.078125 0.1 0.143205 0.903048 0.988706 0.125922 0.9223 0.982611 0.114407 0.931661 0.938858 0.185598 0.849542 0.93567
0 0.804688 0.831944 0.0875 0.102778 0.805668 0.824656 0.99921 0.813729 0.820275 0.999175 0.818688 0.816874 0.993964 0.775913 0.851268 0.985427
0 0.0257812 0.911111 0.0515625 0.111111 0.0154047 0.915612 0.688259 0.0252069 0.896654 0.745975 0.0370691 0.883915 0.73136 0 0 0.379583
0 0.128906 0.665278 0.0703125 0.075 0.127745 0.65771 0.982476 0.122705 0.659513 0.979288 0.121394 0.659133 0.942664 0.15188 0.656647 0.858539
0 0.514063 0.330556 0.13125 0.0611111 0.515292 0.320575 0.999505 0.501812 0.320354 0.999584 0.493631 0.319984 0.998254 0.540781 0.331742 0.988861
0 0.0585938 0.731944 0.117188 0.130556 0.0497351 0.738668 0.998981 0.0331565 0.760903 0.997998 0.030487 0.767077 0.982948 0.0974435 0.699562 0.938186
0 0.117969 0.672222 0.0828125 0.0833333 0.129314 0.66848 0.982746 0.120454 0.670878 0.978708 0.116319 0.667478 0.939127 0.159678 0.651368 0.868482
0 0.507812 0.322222 0.121875 0.0611111 0.50522 0.318179 0.999344 0.500065 0.31688 0.999284 0.494852 0.316556 0.99445 0.498487 0.323365 0.972129
0 0.840625 0.563889 0.059375 0.25 0.841572 0.546929 0.999536 0.827347 0.596708 0.999313 0.817048 0.63202 0.992095 0.866498 0.447184 0.99544
0 0.602344 0.655556 0.117188 0.177778 0.595974 0.627587 0.998406 0.572534 0.59744 0.995367 0.556071 0.569168 0.954519 0.643314 0.726 0.99256
0 0.11875 0.668056 0.0875 0.0972222 0.120745 0.665675 0.996177 0.124196 0.660443 0.997823 0.127556 0.655795 0.993559 0.119161 0.67797 0.951873
0 0.963281 0.270833 0.0734375 0.113889 0 0 0.474147 0 0 0.329266 0 0 0.259309 0.946877 0.307967 0.813019
0 0.960156 0.284722 0.0765625 0.102778 0 0 0.436551 0 0 0.262433 0 0 0.212636 0.952629 0.301323 0.804083
0 0.148438 0.898611 0.09375 0.113889 0.143049 0.908109 0.999828 0.125638 0.928432 0.999794 0.113869 0.944743 0.998177 0.185864 0.859957 0.998845
0 0.576563 0.595833 0.140625 0.158333 0.563379 0.591249 0.999896 0.53644 0.554247 0.999909 0.516585 0.532796 0.998954 0.62747 0.68404 0.957217
0 0.122656 0.670833 0.0828125 0.0861111 0.126837 0.660388 0.998776 0.130434 0.658097 0.999407 0.134589 0.656084 0.997839 0.12843 0.662463 0.963179
0 0.963281 0.275 0.0734375 0.138889 0.984873 0.25487 0.652061 0 0 0.166409 0 0 0.0234082 0.935614 0.308009 0.978753
0 0.841406 0.531944 0.0578125 0.186111 0.842507 0.536112 0.998838 0.83347 0.578647 0.998474 0.824467 0.616157 0.987973 0.862333 0.449696 0.994507
0 0.0257812 0.918056 0.0484375 0.113889 0.0198865 0.903473 0.957037 0.0296363 0.887519 0.983391 0.0374169 0.881009 0.956715 0 0 0.0970804
0 0.271875 0.515278 0.09375 0.119444 0.277243 0.518895 0.999495 0.25685 0.494442 0.999855 0.239551 0.478187 0.99922 0.309329 0.563788 0.589261
0 0.511719 0.325 0.129688 0.0611111 0.508622 0.319204 0.999746 0.49734 0.317399 0.999742 0.489396 0.316363 0.998268 0.528646 0.335506 0.991761
0 0.804688 0.831944 0.0875 0.102778 0.805668 0.824656 0.99921 0.813729 0.820275 0.999175 0.818688 0.816874 0.993964 0.775913 0.851268 0.985427
