0 0.832812 0.731944 0.165625 0.136111 0.832658 0.724247 0.99971 0.794673 0.709047 0.999723 0.764054 0.696503 0.997422 0.908327 0.766105 0.988229
0 0.832812 0.731944 0.165625 0.136111 0.832658 0.724247 0.99971 0.794673 0.709047 0.999723 0.764054 0.696503 0.997422 0.908327 0.766105 0.988229
0 0.832812 0.731944 0.165625 0.136111 0.832658 0.724247 0.99971 0.794673 0.709047 0.999723 0.764054 0.696503 0.997422 0.908327 0.766105 0.988229
0 0.63125 0.615278 0.03125 0.125 0.633498 0.623777 0.998774 0.638043 0.650396 0.998458 0.641391 0.668817 0.989491 0.624853 0.555956 0.996918
0 0.345313 0.201389 0.0375 0.141667 0.343044 0.199504 0.999553 0.346681 0.228889 0.999745 0.349266 0.254987 0.998532 0.341288 0.141084 0.973151
0 0.832812 0.731944 0.165625 0.136111 0.832658 0.724247 0.99971 0.794673 0.709047 0.999723 0.764054 0.696503 0.997422 0.908327 0.766105 0.988229
0 0.63125 0.615278 0.03125 0.125 0.633498 0.623777 0.998774 0.638043 0.650396 0.998458 0.641391 0.668817 0.989491 0.624853 0.555956 0.996918
0 0.635156 0.622222 0.0359375 0.133333 0.635475 0.6267 0.999737 0.639446 0.65935 0.999454 0.641255 0.678142 0.990898 0.626012 0.555052 0.99903
0 0.632031 0.611111 0.0390625 0.138889 0.635858 0.62607 0.99447 0.638402 0.657816 0.994382 0.638857 0.67953 0.982591 0.624337 0.549965 0.968976
0 0.345313 0.201389 0.0375 0.141667 0.343044 0.199504 0.999553 0.346681 0.228889 0.999745 0.349266 0.254987 0.998532 0.341288 0.141084 0.973151
0 0.832812 0.731944 0.165625 0.136111 0.832658 0.724247 0.99971 0.794673 0.709047 0.999723 0.764054 0.696503 0.997422 0.908327 0.766105 0.988229
0 0.63125 0.615278 0.03125 0.125 0.633498 0.623777 0.998774 0.638043 0.650396 0.998458 0.641391 0.668817 0.989491 0.624853 0.555956 0.996918
0 0.345313 0.201389 0.0375 0.141667 0.343044 0.199504 0.999553 0.346681 0.228889 0.999745 0.349266 0.254987 0.998532 0.341288 0.141084 0.973151
