0 0.525 0.552778 0.046875 0.255556 0.529239 0.518455 0.999689 0.525837 0.467316 0.998541 0.521373 0.428872 0.966407 0.530903 0.659338 0.999322
0 0.525 0.552778 0.046875 0.255556 0.529239 0.518455 0.999689 0.525837 0.467316 0.998541 0.521373 0.428872 0.966407 0.530903 0.659338 0.999322
0 0.525 0.552778 0.046875 0.255556 0.529239 0.518455 0.999689 0.525837 0.467316 0.998541 0.521373 0.428872 0.966407 0.530903 0.659338 0.999322
0 0.532812 0.326389 0.0875 0.102778 0.543679 0.331 0.999495 0.561776 0.349177 0.999432 0.572912 0.362768 0.995928 0.49866 0.295642 0.99566
0 0.455469 0.291667 0.0328125 0.15 0.456659 0.291449 0.999199 0.453063 0.322419 0.999341 0.450792 0.345685 0.997017 0.467946 0.217466 0.9974
0 0.0390625 0.172222 0.075 0.1 0.032416 0.161411 0.995731 0.0160724 0.15366 0.984891 0.00418193 0.1423 0.832494 0.0690692 0.180936 0.973667
0 0.0742188 0.890278 0.148438 0.158333 0.0619158 0.87436 0.997635 0.0502467 0.879948 0.923509 0 0 0.0707614 0.129189 0.914308 0.826048
0 0.296094 0.440278 0.0859375 0.158333 0.291683 0.422817 0.999332 0.310122 0.461489 0.998628 0.322418 0.489585 0.977189 0.264374 0.371352 0.92021
0 0.200781 0.1875 0.0421875 0.113889 0.203679 0.18245 0.999018 0.20595 0.203184 0.99884 0.206399 0.218762 0.992208 0.196538 0.148809 0.994922
0 0.340625 0.595833 0.04375 0.141667 0.340381 0.603197 0.996136 0.346457 0.631161 0.99741 0.349681 0.654598 0.990662 0.332416 0.538851 0.976084
0 0.525 0.552778 0.046875 0.255556 0.529239 0.518455 0.999689 0.525837 0.467316 0.998541 0.521373 0.428872 0.966407 0.530903 0.659338 0.999322
0 0.532812 0.326389 0.0875 0.102778 0.543679 0.331 0.999495 0.561776 0.349177 0.999432 0.572912 0.362768 0.995928 0.49866 0.295642 0.99566
0 0.455469 0.291667 0.0328125 0.15 0.456659 0.291449 0.999199 0.453063 0.322419 0.999341 0.450792 0.345685 0.997017 0.467946 0.217466 0.9974
0 0.532031 0.329167 0.0921875 0.102778 0.545069 0.329593 0.998695 0.562662 0.346884 0.998713 0.573361 0.357204 0.993269 0.494142 0.291326 0.989966
0 0.453125 0.294444 0.034375 0.161111 0.455466 0.30118 0.99951 0.452279 0.337235 0.99966 0.449081 0.364274 0.997866 0.46513 0.218194 0.994983
0 0.527344 0.551389 0.0484375 0.241667 0.53337 0.530397 0.998533 0.529579 0.483234 0.996545 0.526163 0.445911 0.967223 0.530798 0.661949 0.991603
0 0.0390625 0.172222 0.075 0.1 0.032416 0.161411 0.995731 0.0160724 0.15366 0.984891 0.00418193 0.1423 0.832494 0.0690692 0.180936 0.973667
0 0.534375 0.331944 0.0875 0.102778 0.545327 0.331674 0.999734 0.561402 0.348503 0.99969 0.571816 0.361894 0.997668 0.501017 0.295097 0.998462
0 0.458594 0.286111 0.0296875 0.138889 0.45684 0.288045 0.999044 0.454461 0.318905 0.998813 0.453157 0.341939 0.993986 0.467444 0.21977 0.996962
0 0.0742188 0.890278 0.148438 0.158333 0.0619158 0.87436 0.997635 0.0502467 0.879948 0.923509 0 0 0.0707614 0.129189 0.914308 0.826048
0 0.457812 0.288889 0.034375 0.15 0.454534 0.286962 0.998718 0.452486 0.318582 0.998757 0.451505 0.343845 0.993899 0.466189 0.220323 0.995124
0 0.296094 0.440278 0.0859375 0.158333 0.291683 0.422817 0.999332 0.310122 0.461489 0.998628 0.322418 0.489585 0.977189 0.264374 0.371352 0.92021
0 0.200781 0.1875 0.0421875 0.113889 0.203679 0.18245 0.999018 0.20595 0.203184 0.99884 0.206399 0.218762 0.992208 0.196538 0.148809 0.994922
0 0.200781 0.180556 0.0453125 0.133333 0.202788 0.172529 0.99945 0.206489 0.191786 0.999287 0.207706 0.208368 0.993541 0.191599 0.151598 0.997133
0 0.200781 0.173611 0.0453125 0.108333 0.201711 0.180157 0.993775 0.204428 0.19549 0.994968 0.205323 0.206022 0.987434 0.193969 0.15307 0.946165
0 0.454688 0.293056 0.04375 0.163889 0.455836 0.292889 0.995136 0.45057 0.330106 0.996426 0.447573 0.354922 0.989787 0.470138 0.212071 0.964663
0 0.340625 0.595833 0.04375 0.141667 0.340381 0.603197 0.996136 0.346457 0.631161 0.99741 0.349681 0.654598 0.990662 0.332416 0.538851 0.976084
0 0.0390625 0.181944 0.075 0.125 0.0313069 0.162557 0.990842 0.0152895 0.155062 0.973348 0.00490203 0.141586 0.797238 0.0698852 0.191919 0.950664
0 0.454688 0.295833 0.04375 0.152778 0.456226 0.301033 0.996337 0.448889 0.337477 0.996093 0.445613 0.361132 0.987243 0.4744 0.220041 0.964579
0 0.536719 0.323611 0.0828125 0.0972222 0.541112 0.333115 0.995983 0.559986 0.349796 0.996739 0.569691 0.360523 0.987885 0.498881 0.291016 0.936901
0 0.0828125 0.902778 0.134375 0.138889 0.087654 0.898489 0.999006 0.0690038 0.892156 0.993973 0.0559262 0.882426 0.755289 0.136484 0.941235 0.839062
0 0.525 0.552778 0.046875 0.255556 0.529239 0.518455 0.999689 0.525837 0.467316 0.998541 0.521373 0.428872 0.966407 0.530903 0.659338 0.999322
0 0.532812 0.326389 0.0875 0.102778 0.543679 0.331 0.999495 0.561776 0.349177 0.999432 0.572912 0.362768 0.995928 0.49866 0.295642 0.99566
0 0.455469 0.291667 0.0328125 0.15 0.456659 0.291449 0.999199 0.453063 0.322419 0.999341 0.450792 0.345685 0.997017 0.467946 0.217466 0.9974
0 0.0390625 0.172222 0.075 0.1 0.032416 0.161411 0.995731 0.0160724 0.15366 0.984891 0.00418193 0.1423 0.832494 0.0690692 0.180936 0.973667
0 0.0742188 0.890278 0.148438 0.158333 0.0619158 0.87436 0.997635 0.0502467 0.879948 0.923509 0 0 0.0707614 0.129189 0.914308 0.826048
0 0.296094 0.440278 0.0859375 0.158333 0.291683 0.422817 0.999332 0.310122 0.461489 0.998628 0.322418 0.489585 0.977189 0.264374 0.371352 0.92021
0 0.200781 0.1875 0.0421875 0.113889 0.203679 0.18245 0.999018 0.20595 0.203184 0.99884 0.206399 0.218762 0.992208 0.196538 0.148809 0.994922
0 0.340625 0.595833 0.04375 0.141667 0.340381 0.603197 0.996136 0.346457 0.631161 0.99741 0.349681 0.654598 0.990662 0.332416 0.538851 0.976084
