0 0.608594 0.677778 0.0703125 0.25 0.613727 0.661557 0.999903 0.623804 0.610623 0.999711 0.629975 0.573328 0.995487 0.583024 0.786338 0.999706
0 0.0382813 0.569444 0.0671875 0.111111 0.0436221 0.564435 0.999394 0.033243 0.556393 0.999543 0.0240134 0.55294 0.995952 0.0620185 0.586739 0.777646
0 0.0359375 0.833333 0.06875 0.1 0.026678 0.820761 0.960226 0.0197236 0.810951 0.795476 0 0 0.182215 0.0590807 0.856794 0.617701
0 0.810938 0.484722 0.103125 0.0972222 0.813192 0.478386 0.999633 0.82705 0.485414 0.999252 0.835881 0.489607 0.988283 0.780433 0.469782 0.974596
0 0.94375 0.311111 0.046875 0.1 0.946994 0.30255 0.998622 0.947457 0.307079 0.999022 0.946618 0.315174 0.993339 0.947854 0.326252 0.89026
0 0.604688 0.4 0.0625 0.105556 0.603503 0.405672 0.998852 0.592671 0.429199 0.998762 0.583584 0.44587 0.994111 0.629603 0.354901 0.997706
0 0.608594 0.677778 0.0703125 0.25 0.613727 0.661557 0.999903 0.623804 0.610623 0.999711 0.629975 0.573328 0.995487 0.583024 0.786338 0.999706
0 0.0382813 0.569444 0.0671875 0.111111 0.0436221 0.564435 0.999394 0.033243 0.556393 0.999543 0.0240134 0.55294 0.995952 0.0620185 0.586739 0.777646
0 0.0359375 0.833333 0.06875 0.1 0.026678 0.820761 0.960226 0.0197236 0.810951 0.795476 0 0 0.182215 0.0590807 0.856794 0.617701
0 0.810938 0.484722 0.103125 0.0972222 0.813192 0.478386 0.999633 0.82705 0.485414 0.999252 0.835881 0.489607 0.988283 0.780433 0.469782 0.974596
0 0.94375 0.311111 0.046875 0.1 0.946994 0.30255 0.998622 0.947457 0.307079 0.999022 0.946618 0.315174 0.993339 0.947854 0.326252 0.89026
0 0.604688 0.4 0.0625 0.105556 0.603503 0.405672 0.998852 0.592671 0.429199 0.998762 0.583584 0.44587 0.994111 0.629603 0.354901 0.997706
0 0.608594 0.677778 0.0703125 0.25 0.613727 0.661557 0.999903 0.623804 0.610623 0.999711 0.629975 0.573328 0.995487 0.583024 0.786338 0.999706
0 0.0382813 0.569444 0.0671875 0.111111 0.0436221 0.564435 0.999394 0.033243 0.556393 0.999543 0.0240134 0.55294 0.995952 0.0620185 0.586739 0.777646
0 0.0359375 0.833333 0.06875 0.1 0.026678 0.820761 0.960226 0.0197236 0.810951 0.795476 0 0 0.182215 0.0590807 0.856794 0.617701
0 0.810938 0.484722 0.103125 0.0972222 0.813192 0.478386 0.999633 0.82705 0.485414 0.999252 0.835881 0.489607 0.988283 0.780433 0.469782 0.974596
0 0.94375 0.311111 0.046875 0.1 0.946994 0.30255 0.998622 0.947457 0.307079 0.999022 0.946618 0.315174 0.993339 0.947854 0.326252 0.89026
0 0.604688 0.4 0.0625 0.105556 0.603503 0.405672 0.998852 0.592671 0.429199 0.998762 0.583584 0.44587 0.994111 0.629603 0.354901 0.997706
0 0.265625 0.270833 0.046875 0.158333 0.260583 0.257739 0.998542 0.268772 0.297087 0.999322 0.274108 0.329275 0.996794 0.25699 0.192869 0.798211
0 0.127344 0.694444 0.0765625 0.144444 0.123257 0.688592 0.999812 0.132687 0.712157 0.999832 0.140219 0.730251 0.998234 0.117816 0.656858 0.984186
0 0.564062 0.0458333 0.075 0.0916667 0.563841 0.0248602 0.996714 0.57467 0.0155029 0.984706 0.583242 0.0100657 0.778469 0.529246 0.077051 0.981899
0 0.903125 0.580556 0.078125 0.1 0.902723 0.576351 0.998347 0.914352 0.582894 0.998985 0.921088 0.588504 0.992471 0 0 0.177068
0 0.973437 0.508333 0.053125 0.0833333 0.987493 0.501799 0.753246 0 0 0.325998 0 0 0.0958425 0.958195 0.478612 0.94088
0 0.360156 0.397222 0.0859375 0.133333 0.356445 0.394256 0.999594 0.341812 0.4175 0.99988 0.332418 0.436649 0.999582 0.394241 0.340211 0.982011
0 0.215625 0.193056 0.046875 0.147222 0.230478 0.205187 0.997565 0.240888 0.23295 0.99538 0.246925 0.254204 0.968431 0.203794 0.13804 0.988105
0 0.383594 0.2875 0.0703125 0.0861111 0.386482 0.281394 0.999446 0.392466 0.274492 0.999612 0.39711 0.271364 0.996659 0.375695 0.31464 0.719502
0 0.608594 0.677778 0.0703125 0.25 0.613727 0.661557 0.999903 0.623804 0.610623 0.999711 0.629975 0.573328 0.995487 0.583024 0.786338 0.999706
0 0.0382813 0.569444 0.0671875 0.111111 0.0436221 0.564435 0.999394 0.033243 0.556393 0.999543 0.0240134 0.55294 0.995952 0.0620185 0.586739 0.777646
0 0.0359375 0.833333 0.06875 0.1 0.026678 0.820761 0.960226 0.0197236 0.810951 0.795476 0 0 0.182215 0.0590807 0.856794 0.617701
0 0.0351562 0.827778 0.0703125 0.105556 0.0265732 0.816437 0.971753 0.0198249 0.808418 0.758232 0 0 0.110784 0.0615178 0.859126 0.887232
0 0.0351562 0.822222 0.0703125 0.116667 0.0260754 0.804846 0.971205 0.0198053 0.796202 0.684817 0 0 0.0546315 0.0592114 0.862705 0.95477
0 0.810938 0.484722 0.103125 0.0972222 0.813192 0.478386 0.999633 0.82705 0.485414 0.999252 0.835881 0.489607 0.988283 0.780433 0.469782 0.974596
0 0.94375 0.311111 0.046875 0.1 0.946994 0.30255 0.998622 0.947457 0.307079 0.999022 0.946618 0.315174 0.993339 0.947854 0.326252 0.89026
0 0.604688 0.4 0.0625 0.105556 0.603503 0.405672 0.998852 0.592671 0.429199 0.998762 0.583584 0.44587 0.994111 0.629603 0.354901 0.997706
0 0.603125 0.409722 0.0625 0.130556 0.602744 0.40975 0.999617 0.590419 0.433395 0.999634 0.580438 0.45092 0.997997 0.631553 0.355414 0.998737
0 0.807813 0.484722 0.096875 0.102778 0.811682 0.477291 0.999437 0.826121 0.486583 0.999164 0.835694 0.492249 0.991732 0.775288 0.470213 0.973299
0 0.265625 0.270833 0.046875 0.158333 0.260583 0.257739 0.998542 0.268772 0.297087 0.999322 0.274108 0.329275 0.996794 0.25699 0.192869 0.798211
0 0.127344 0.694444 0.0765625 0.144444 0.123257 0.688592 0.999812 0.132687 0.712157 0.999832 0.140219 0.730251 0.998234 0.117816 0.656858 0.984186
0 0.564062 0.0458333 0.075 0.0916667 0.563841 0.0248602 0.996714 0.57467 0.0155029 0.984706 0.583242 0.0100657 0.778469 0.529246 0.077051 0.981899
0 0.903125 0.580556 0.078125 0.1 0.902723 0.576351 0.998347 0.914352 0.582894 0.998985 0.921088 0.588504 0.992471 0 0 0.177068
0 0.602344 0.418056 0.0640625 0.141667 0.601317 0.417167 0.999853 0.588574 0.444131 0.999859 0.577672 0.464756 0.998974 0.630546 0.354258 0.999466
0 0.0320312 0.776389 0.0640625 0.175 0.0166211 0.744529 0.961534 0.00814101 0.734854 0.777619 0 0 0.194505 0.0548692 0.812602 0.966702
0 0.973437 0.508333 0.053125 0.0833333 0.987493 0.501799 0.753246 0 0 0.325998 0 0 0.0958425 0.958195 0.478612 0.94088
0 0.0320312 0.75 0.0640625 0.127778 0.0144223 0.74064 0.979598 0.00846268 0.731802 0.91641 0 0 0.496255 0.0522928 0.798747 0.956363
0 0.034375 0.801389 0.06875 0.163889 0.0263839 0.785653 0.983974 0.0198942 0.778961 0.816209 0 0 0.103227 0.0578983 0.856401 0.977734
0 0.901563 0.584722 0.08125 0.0916667 0.901866 0.574315 0.998615 0.913536 0.581297 0.998972 0.919748 0.588353 0.991327 0 0 0.27177
0 0.360156 0.397222 0.0859375 0.133333 0.356445 0.394256 0.999594 0.341812 0.4175 0.99988 0.332418 0.436649 0.999582 0.394241 0.340211 0.982011
0 0.561719 0.0472222 0.0703125 0.0944444 0.563253 0.0258502 0.996361 0.573148 0.0165932 0.991427 0.579252 0.00993808 0.904174 0.534253 0.0763076 0.901599
0 0.129688 0.7 0.075 0.138889 0.127071 0.699747 0.999461 0.137731 0.72359 0.999469 0.146182 0.742836 0.994681 0.117803 0.666118 0.896697
0 0.600781 0.423611 0.0640625 0.158333 0.599792 0.423915 0.999745 0.587463 0.452738 0.999697 0.57695 0.470479 0.997405 0.626971 0.35344 0.99941
0 0.35625 0.401389 0.084375 0.130556 0.356532 0.396795 0.999713 0.341928 0.424185 0.999873 0.331218 0.445301 0.999336 0.392158 0.345468 0.985749
0 0.975 0.504167 0.05 0.075 0.981803 0.502853 0.895452 0.982694 0.510256 0.680022 0 0 0.28802 0.952847 0.481888 0.940949
0 0.941406 0.308333 0.0546875 0.0944444 0.944218 0.309997 0.989235 0.949496 0.308077 0.993126 0.953685 0.304786 0.982794 0.934501 0.331888 0.762199
0 0.215625 0.193056 0.046875 0.147222 0.230478 0.205187 0.997565 0.240888 0.23295 0.99538 0.246925 0.254204 0.968431 0.203794 0.13804 0.988105
0 0.361719 0.390278 0.0828125 0.136111 0.35923 0.390198 0.999381 0.344688 0.415442 0.99969 0.335944 0.434884 0.998591 0.395127 0.33811 0.924489
0 0.0320312 0.819444 0.0640625 0.116667 0.024376 0.828437 0.757348 0.018465 0.814197 0.588828 0 0 0.390358 0.0612082 0.859686 0.810827
0 0.942969 0.306944 0.0484375 0.102778 0.945488 0.298952 0.999071 0.946768 0.306677 0.999141 0.946551 0.316094 0.992284 0.940932 0.315121 0.944625
0 0.603125 0.420833 0.059375 0.152778 0.600357 0.416237 0.999647 0.589311 0.441802 0.99952 0.581631 0.457044 0.996533 0.629862 0.355453 0.9992
0 0.567969 0.0444444 0.0859375 0.0888889 0.562458 0.0274078 0.997172 0.573035 0.0197702 0.98596 0.583467 0.0127759 0.826131 0.533937 0.0746426 0.985363
0 0.596875 0.431944 0.06875 0.169444 0.596577 0.432065 0.999703 0.583297 0.46236 0.999696 0.574191 0.481489 0.997906 0.625539 0.350402 0.999101
0 0.263281 0.25 0.0484375 0.177778 0.259864 0.263182 0.995849 0.267586 0.304872 0.99609 0.274383 0.331816 0.988962 0.248017 0.183609 0.933505
0 0.0390625 0.566667 0.0625 0.0944444 0.0391763 0.563761 0.990028 0.0309354 0.553336 0.993865 0.0232003 0.545882 0.9826 0.0502842 0.597085 0.753591
0 0.215625 0.193056 0.04375 0.141667 0.223623 0.196867 0.977335 0.229387 0.222232 0.946704 0.23207 0.240347 0.827536 0.202896 0.135875 0.989547
0 0.125 0.690278 0.078125 0.141667 0.122395 0.681542 0.999759 0.129029 0.700426 0.999802 0.134718 0.714966 0.998286 0.115053 0.667307 0.965719
0 0.6 0.409722 0.06875 0.125 0.597022 0.412713 0.997916 0.585947 0.438958 0.997975 0.578721 0.455231 0.992299 0.627895 0.34945 0.994114
0 0.260938 0.255556 0.053125 0.172222 0.260051 0.260472 0.997211 0.270174 0.299933 0.997515 0.275355 0.327077 0.989945 0.234705 0.174854 0.960919
0 0.0320312 0.740278 0.0640625 0.119444 0.00568501 0.761368 0.958963 0.000867493 0.75108 0.947381 0.00574585 0.748457 0.84475 0.0465004 0.813208 0.769385
0 0.0367187 0.563889 0.0578125 0.1 0.039766 0.563968 0.947625 0.0300175 0.550355 0.962269 0.0211665 0.536884 0.93064 0.0526052 0.59818 0.603308
0 0.353125 0.4125 0.08125 0.119444 0.355859 0.40286 0.999276 0.341214 0.425546 0.999786 0.329387 0.443486 0.999332 0.382927 0.35972 0.955949
0 0.357031 0.384722 0.0765625 0.136111 0.3572 0.397034 0.996644 0.341211 0.421216 0.997608 0.331748 0.438203 0.992352 0.393137 0.346972 0.918728
0 0.383594 0.2875 0.0703125 0.0861111 0.386482 0.281394 0.999446 0.392466 0.274492 0.999612 0.39711 0.271364 0.996659 0.375695 0.31464 0.719502
0 0.967188 0.5 0.065625 0.0666667 0.965334 0.4976 0.991552 0.966407 0.50871 0.978307 0.96826 0.510196 0.865765 0.944321 0.483985 0.962328
0 0.125781 0.686111 0.0765625 0.161111 0.124522 0.687689 0.999124 0.132325 0.701638 0.99947 0.139808 0.714604 0.997253 0.120561 0.663073 0.957295
0 0.608594 0.677778 0.0703125 0.25 0.613727 0.661557 0.999903 0.623804 0.610623 0.999711 0.629975 0.573328 0.995487 0.583024 0.786338 0.999706
0 0.0382813 0.569444 0.0671875 0.111111 0.0436221 0.564435 0.999394 0.033243 0.556393 0.999543 0.0240134 0.55294 0.995952 0.0620185 0.586739 0.777646
0 0.0359375 0.833333 0.06875 0.1 0.026678 0.820761 0.960226 0.0197236 0.810951 0.795476 0 0 0.182215 0.0590807 0.856794 0.617701
0 0.810938 0.484722 0.103125 0.0972222 0.813192 0.478386 0.999633 0.82705 0.485414 0.999252 0.835881 0.489607 0.988283 0.780433 0.469782 0.974596
0 0.94375 0.311111 0.046875 0.1 0.946994 0.30255 0.998622 0.947457 0.307079 0.999022 0.946618 0.315174 0.993339 0.947854 0.326252 0.89026
0 0.604688 0.4 0.0625 0.105556 0.603503 0.405672 0.998852 0.592671 0.429199 0.998762 0.583584 0.44587 0.994111 0.629603 0.354901 0.997706
0 0.265625 0.270833 0.046875 0.158333 0.260583 0.257739 0.998542 0.268772 0.297087 0.999322 0.274108 0.329275 0.996794 0.25699 0.192869 0.798211
0 0.127344 0.694444 0.0765625 0.144444 0.123257 0.688592 0.999812 0.132687 0.712157 0.999832 0.140219 0.730251 0.998234 0.117816 0.656858 0.984186
0 0.564062 0.0458333 0.075 0.0916667 0.563841 0.0248602 0.996714 0.57467 0.0155029 0.984706 0.583242 0.0100657 0.778469 0.529246 0.077051 0.981899
0 0.903125 0.580556 0.078125 0.1 0.902723 0.576351 0.998347 0.914352 0.582894 0.998985 0.921088 0.588504 0.992471 0 0 0.177068
0 0.973437 0.508333 0.053125 0.0833333 0.987493 0.501799 0.753246 0 0 0.325998 0 0 0.0958425 0.958195 0.478612 0.94088
0 0.360156 0.397222 0.0859375 0.133333 0.356445 0.394256 0.999594 0.341812 0.4175 0.99988 0.332418 0.436649 0.999582 0.394241 0.340211 0.982011
0 0.215625 0.193056 0.046875 0.147222 0.230478 0.205187 0.997565 0.240888 0.23295 0.99538 0.246925 0.254204 0.968431 0.203794 0.13804 0.988105
0 0.383594 0.2875 0.0703125 0.0861111 0.386482 0.281394 0.999446 0.392466 0.274492 0.999612 0.39711 0.271364 0.996659 0.375695 0.31464 0.719502
