0 0.353906 0.618056 0.0453125 0.169444 0.355652 0.628278 0.999606 0.347249 0.660913 0.999735 0.341833 0.686194 0.998745 0.37568 0.546836 0.998032
0 0.4125 0.672222 0.046875 0.133333 0.412556 0.675499 0.999328 0.405843 0.701133 0.999239 0.399699 0.720567 0.995515 0.424996 0.616124 0.998693
0 0.96875 0.461111 0.0625 0.0777778 0.976794 0.455773 0.938484 0.965472 0.463073 0.974371 0.953415 0.473279 0.950251 0 0 0.346308
0 0.30625 0.530556 0.040625 0.111111 0.304101 0.532797 0.998771 0.296961 0.551052 0.999215 0.293074 0.565394 0.997495 0.317765 0.494656 0.994855
0 0.353906 0.618056 0.0453125 0.169444 0.355652 0.628278 0.999606 0.347249 0.660913 0.999735 0.341833 0.686194 0.998745 0.37568 0.546836 0.998032
0 0.4125 0.672222 0.046875 0.133333 0.412556 0.675499 0.999328 0.405843 0.701133 0.999239 0.399699 0.720567 0.995515 0.424996 0.616124 0.998693
0 0.96875 0.461111 0.0625 0.0777778 0.976794 0.455773 0.938484 0.965472 0.463073 0.974371 0.953415 0.473279 0.950251 0 0 0.346308
0 0.30625 0.530556 0.040625 0.111111 0.304101 0.532797 0.998771 0.296961 0.551052 0.999215 0.293074 0.565394 0.997495 0.317765 0.494656 0.994855
0 0.353906 0.618056 0.0453125 0.169444 0.355652 0.628278 0.999606 0.347249 0.660913 0.999735 0.341833 0.686194 0.998745 0.37568 0.546836 0.998032
0 0.4125 0.672222 0.046875 0.133333 0.412556 0.675499 0.999328 0.405843 0.701133 0.999239 0.399699 0.720567 0.995515 0.424996 0.616124 0.998693
0 0.96875 0.461111 0.0625 0.0777778 0.976794 0.455773 0.938484 0.965472 0.463073 0.974371 0.953415 0.473279 0.950251 0 0 0.346308
0 0.30625 0.530556 0.040625 0.111111 0.304101 0.532797 0.998771 0.296961 0.551052 0.999215 0.293074 0.565394 0.997495 0.317765 0.494656 0.994855
0 0.246094 0.584722 0.0765625 0.119444 0.242896 0.575944 0.999605 0.254352 0.600107 0.999494 0.262098 0.615339 0.993694 0.228411 0.518658 0.834884
0 0.957812 0.169444 0.084375 0.0666667 0.973476 0.160041 0.968148 0.969412 0.158952 0.891828 0 0 0.451476 0.928391 0.168168 0.889291
0 0.446094 0.0777778 0.0484375 0.144444 0.448877 0.0708589 0.999874 0.446335 0.104251 0.999909 0.444331 0.132059 0.999098 0.460294 0.0237846 0.9623
0 0.657031 0.672222 0.0515625 0.183333 0.661963 0.670342 0.9982 0.657985 0.644596 0.998683 0.653095 0.628075 0.990978 0.665757 0.741892 0.745698
0 0.676562 0.420833 0.11875 0.0861111 0.682 0.421234 0.999872 0.661462 0.422087 0.999849 0.646239 0.421591 0.998596 0.729707 0.428456 0.996557
0 0.576563 0.3875 0.0375 0.125 0.577487 0.376574 0.997726 0.578507 0.390663 0.998145 0.579068 0.405769 0.991736 0.579775 0.355259 0.979842
0 0.353906 0.618056 0.0453125 0.169444 0.355652 0.628278 0.999606 0.347249 0.660913 0.999735 0.341833 0.686194 0.998745 0.37568 0.546836 0.998032
0 0.4125 0.672222 0.046875 0.133333 0.412556 0.675499 0.999328 0.405843 0.701133 0.999239 0.399699 0.720567 0.995515 0.424996 0.616124 0.998693
0 0.96875 0.461111 0.0625 0.0777778 0.976794 0.455773 0.938484 0.965472 0.463073 0.974371 0.953415 0.473279 0.950251 0 0 0.346308
0 0.967969 0.458333 0.0640625 0.0833333 0.978604 0.452937 0.921287 0.964959 0.464083 0.964174 0.952517 0.474613 0.934086 0 0 0.369792
0 0.30625 0.530556 0.040625 0.111111 0.304101 0.532797 0.998771 0.296961 0.551052 0.999215 0.293074 0.565394 0.997495 0.317765 0.494656 0.994855
0 0.410937 0.673611 0.05 0.136111 0.414675 0.671877 0.998962 0.408599 0.700166 0.999126 0.404076 0.719273 0.995301 0.425448 0.61143 0.989858
0 0.411719 0.668056 0.0515625 0.136111 0.410542 0.672695 0.999811 0.404125 0.702547 0.999795 0.402501 0.727543 0.998681 0.429313 0.612 0.997201
0 0.246094 0.584722 0.0765625 0.119444 0.242896 0.575944 0.999605 0.254352 0.600107 0.999494 0.262098 0.615339 0.993694 0.228411 0.518658 0.834884
0 0.354688 0.615278 0.053125 0.158333 0.350304 0.630331 0.999141 0.34395 0.667824 0.999039 0.341051 0.69684 0.996018 0.369956 0.544004 0.996096
0 0.957812 0.169444 0.084375 0.0666667 0.973476 0.160041 0.968148 0.969412 0.158952 0.891828 0 0 0.451476 0.928391 0.168168 0.889291
0 0.446094 0.0777778 0.0484375 0.144444 0.448877 0.0708589 0.999874 0.446335 0.104251 0.999909 0.444331 0.132059 0.999098 0.460294 0.0237846 0.9623
0 0.307813 0.529167 0.04375 0.119444 0.306554 0.529523 0.999213 0.302639 0.550647 0.999376 0.299976 0.570055 0.997153 0.317047 0.492453 0.996197
0 0.246875 0.580556 0.071875 0.116667 0.241847 0.580037 0.998717 0.251835 0.603691 0.998539 0.258091 0.619747 0.981924 0 0 0.49205
0 0.957812 0.168056 0.084375 0.0583333 0.96978 0.161739 0.987793 0.965451 0.165068 0.96613 0.956118 0.168796 0.682686 0.931699 0.16447 0.822881
0 0.957812 0.165278 0.084375 0.0583333 0.972438 0.161016 0.975168 0.96656 0.159662 0.929767 0.955692 0.161334 0.577865 0.932455 0.168845 0.86041
0 0.309375 0.5375 0.0375 0.0972222 0.312734 0.541018 0.999669 0.30364 0.563501 0.999652 0.29949 0.573862 0.998302 0.334155 0.495057 0.999285
0 0.657031 0.672222 0.0515625 0.183333 0.661963 0.670342 0.9982 0.657985 0.644596 0.998683 0.653095 0.628075 0.990978 0.665757 0.741892 0.745698
0 0.967188 0.459722 0.0625 0.075 0.977909 0.451201 0.820361 0.965302 0.459168 0.91263 0.950853 0.470915 0.923628 0 0 0.351152
0 0.676562 0.420833 0.11875 0.0861111 0.682 0.421234 0.999872 0.661462 0.422087 0.999849 0.646239 0.421591 0.998596 0.729707 0.428456 0.996557
0 0.667188 0.419444 0.103125 0.0888889 0.677299 0.418183 0.999659 0.66563 0.41968 0.99964 0.656252 0.420437 0.996959 0.696722 0.42036 0.982571
0 0.364844 0.6125 0.0703125 0.175 0.360685 0.649154 0.997443 0.350619 0.682783 0.996667 0.344823 0.704721 0.98897 0.390915 0.568476 0.975502
0 0.654688 0.673611 0.05 0.180556 0.662366 0.66928 0.998996 0.657814 0.636391 0.999254 0.651817 0.619395 0.994835 0.666838 0.751224 0.914213
0 0.354688 0.615278 0.05 0.163889 0.347349 0.618816 0.999883 0.339234 0.651929 0.999888 0.336936 0.675916 0.999455 0.371169 0.541261 0.999219
0 0.45 0.0791667 0.053125 0.130556 0.447278 0.0807175 0.997931 0.442798 0.109541 0.998888 0.444117 0.126557 0.995611 0.461146 0.0348431 0.774425
0 0.357031 0.618056 0.0546875 0.180556 0.357199 0.634238 0.99909 0.350141 0.676121 0.999014 0.34272 0.700601 0.994921 0.37577 0.52619 0.983926
0 0.310937 0.526389 0.034375 0.119444 0.308427 0.531509 0.998901 0.304752 0.551352 0.998877 0.302346 0.562921 0.995972 0.318952 0.496481 0.996182
0 0.411719 0.663889 0.0546875 0.116667 0.412211 0.657748 0.999925 0.411895 0.694002 0.999915 0.414069 0.718892 0.99904 0.417633 0.597488 0.996294
0 0.950781 0.177778 0.0921875 0.0666667 0.968261 0.17161 0.937456 0.967987 0.171775 0.950009 0.956429 0.173095 0.916771 0.932903 0.169001 0.721687
0 0.576563 0.3875 0.0375 0.125 0.577487 0.376574 0.997726 0.578507 0.390663 0.998145 0.579068 0.405769 0.991736 0.579775 0.355259 0.979842
0 0.685938 0.423611 0.140625 0.0805556 0.686014 0.425012 0.999869 0.660203 0.424068 0.999845 0.643167 0.421697 0.998748 0.749797 0.433688 0.997389
0 0.389844 0.643056 0.0921875 0.158333 0.3988 0.671742 0.998782 0.390299 0.698296 0.998534 0.384751 0.719377 0.993573 0.418124 0.607006 0.978685
0 0.661719 0.418056 0.0953125 0.0916667 0.672734 0.417899 0.999559 0.664697 0.420973 0.999507 0.657976 0.421292 0.995204 0.686077 0.408913 0.98031
0 0.445312 0.0875 0.046875 0.147222 0.449098 0.0734493 0.99972 0.448084 0.10992 0.999791 0.448629 0.135796 0.998045 0.458575 0.0249482 0.950216
0 0.353906 0.618056 0.0453125 0.169444 0.355652 0.628278 0.999606 0.347249 0.660913 0.999735 0.341833 0.686194 0.998745 0.37568 0.546836 0.998032
0 0.4125 0.672222 0.046875 0.133333 0.412556 0.675499 0.999328 0.405843 0.701133 0.999239 0.399699 0.720567 0.995515 0.424996 0.616124 0.998693
0 0.96875 0.461111 0.0625 0.0777778 0.976794 0.455773 0.938484 0.965472 0.463073 0.974371 0.953415 0.473279 0.950251 0 0 0.346308
0 0.30625 0.530556 0.040625 0.111111 0.304101 0.532797 0.998771 0.296961 0.551052 0.999215 0.293074 0.565394 0.997495 0.317765 0.494656 0.994855
0 0.246094 0.584722 0.0765625 0.119444 0.242896 0.575944 0.999605 0.254352 0.600107 0.999494 0.262098 0.615339 0.993694 0.228411 0.518658 0.834884
0 0.957812 0.169444 0.084375 0.0666667 0.973476 0.160041 0.968148 0.969412 0.158952 0.891828 0 0 0.451476 0.928391 0.168168 0.889291
0 0.446094 0.0777778 0.0484375 0.144444 0.448877 0.0708589 0.999874 0.446335 0.104251 0.999909 0.444331 0.132059 0.999098 0.460294 0.0237846 0.9623
0 0.657031 0.672222 0.0515625 0.183333 0.661963 0.670342 0.9982 0.657985 0.644596 0.998683 0.653095 0.628075 0.990978 0.665757 0.741892 0.745698
0 0.676562 0.420833 0.11875 0.0861111 0.682 0.421234 0.999872 0.661462 0.422087 0.999849 0.646239 0.421591 0.998596 0.729707 0.428456 0.996557
0 0.576563 0.3875 0.0375 0.125 0.577487 0.376574 0.997726 0.578507 0.390663 0.998145 0.579068 0.405769 0.991736 0.579775 0.355259 0.979842
