0 0.710156 0.234722 0.0578125 0.341667 0.712111 0.228212 0.999761 0.714294 0.301794 0.998568 0.716894 0.353202 0.925744 0.706627 0.0717775 0.994846
0 0.625 0.502778 0.05625 0.133333 0.623089 0.503413 0.999233 0.632801 0.53396 0.999395 0.640084 0.55755 0.995963 0.606917 0.442556 0.97954
0 0.710156 0.234722 0.0578125 0.341667 0.712111 0.228212 0.999761 0.714294 0.301794 0.998568 0.716894 0.353202 0.925744 0.706627 0.0717775 0.994846
0 0.625 0.502778 0.05625 0.133333 0.623089 0.503413 0.999233 0.632801 0.53396 0.999395 0.640084 0.55755 0.995963 0.606917 0.442556 0.97954
0 0.710156 0.234722 0.0578125 0.341667 0.712111 0.228212 0.999761 0.714294 0.301794 0.998568 0.716894 0.353202 0.925744 0.706627 0.0717775 0.994846
0 0.625 0.502778 0.05625 0.133333 0.623089 0.503413 0.999233 0.632801 0.53396 0.999395 0.640084 0.55755 0.995963 0.606917 0.442556 0.97954
0 0.0140625 0.586111 0.028125 0.161111 0.00810907 0.603808 0.891652 0.0113164 0.629589 0.954352 0.0135462 0.647499 0.943692 0 0 0.451608
0 0.767969 0.523611 0.0859375 0.169444 0.772417 0.528751 0.999773 0.754999 0.563272 0.999892 0.743117 0.584844 0.999369 0.804592 0.455565 0.989523
0 0.485938 0.316667 0.0375 0.116667 0.485358 0.300025 0.99931 0.489071 0.305436 0.999609 0.492018 0.312385 0.998459 0.477652 0.310032 0.994693
0 0.175781 0.131944 0.0484375 0.186111 0.177681 0.107041 0.999634 0.173082 0.0837396 0.998717 0.169069 0.0643086 0.970515 0.17802 0.199711 0.995992
0 0.399219 0.15 0.0609375 0.25 0.40017 0.138604 0.999848 0.403017 0.0928557 0.999752 0.403805 0.0629895 0.997742 0.397875 0.256032 0.999263
0 0.0195312 0.145833 0.0390625 0.152778 0.0139365 0.13421 0.894924 0.0163873 0.146383 0.918908 0.0207415 0.154914 0.823051 0 0 0.389819
0 0.767969 0.351389 0.0640625 0.0861111 0.769039 0.344952 0.995904 0.775053 0.362299 0.996476 0.779575 0.375223 0.983086 0.757669 0.326749 0.886277
0 0.235156 0.536111 0.0359375 0.127778 0.238553 0.554143 0.966728 0.238746 0.575069 0.956662 0.234838 0.587929 0.910894 0.231375 0.489052 0.952447
0 0.710156 0.234722 0.0578125 0.341667 0.712111 0.228212 0.999761 0.714294 0.301794 0.998568 0.716894 0.353202 0.925744 0.706627 0.0717775 0.994846
0 0.625 0.502778 0.05625 0.133333 0.623089 0.503413 0.999233 0.632801 0.53396 0.999395 0.640084 0.55755 0.995963 0.606917 0.442556 0.97954
0 0.0140625 0.586111 0.028125 0.161111 0.00810907 0.603808 0.891652 0.0113164 0.629589 0.954352 0.0135462 0.647499 0.943692 0 0 0.451608
0 0.0132813 0.576389 0.0265625 0.180556 0.00874624 0.602181 0.759311 0.0119025 0.628592 0.914128 0.0141662 0.647909 0.928295 0 0 0.329084
0 0.626562 0.509722 0.05625 0.147222 0.624322 0.503807 0.999399 0.634126 0.538861 0.99939 0.640593 0.564807 0.994696 0.607612 0.440456 0.980019
0 0.630469 0.522222 0.0640625 0.177778 0.626066 0.506689 0.999519 0.635842 0.54469 0.999227 0.641758 0.571151 0.990814 0.609693 0.440524 0.987112
0 0.767969 0.523611 0.0859375 0.169444 0.772417 0.528751 0.999773 0.754999 0.563272 0.999892 0.743117 0.584844 0.999369 0.804592 0.455565 0.989523
0 0.0125 0.566667 0.025 0.205556 0.00970511 0.596282 0.587645 0.0126944 0.623335 0.866212 0.0141299 0.647617 0.916262 0 0 0.308626
0 0.63125 0.527778 0.06875 0.188889 0.627049 0.51117 0.999615 0.637114 0.549815 0.99946 0.642822 0.577247 0.993509 0.610427 0.439522 0.987163
0 0.628906 0.519444 0.0640625 0.166667 0.625839 0.510198 0.999293 0.635919 0.546253 0.999409 0.642111 0.572781 0.995519 0.607488 0.4402 0.969574
0 0.771094 0.522222 0.0734375 0.161111 0.779055 0.519951 0.999528 0.764567 0.55227 0.999752 0.753031 0.574111 0.998774 0.802483 0.448961 0.984293
0 0.485938 0.316667 0.0375 0.116667 0.485358 0.300025 0.99931 0.489071 0.305436 0.999609 0.492018 0.312385 0.998459 0.477652 0.310032 0.994693
0 0.0132813 0.580556 0.0265625 0.166667 0.00903912 0.612711 0.730351 0.0111173 0.638084 0.81588 0.0140238 0.6548 0.841475 0.00847322 0.567724 0.510824
0 0.619531 0.497222 0.0453125 0.122222 0.623638 0.497664 0.998508 0.632381 0.521996 0.998639 0.63817 0.542098 0.992872 0.607561 0.441303 0.982702
0 0.711719 0.2375 0.0546875 0.319444 0.715055 0.253067 0.999783 0.719332 0.315476 0.998903 0.722251 0.351104 0.960033 0.715225 0.0946373 0.990876
0 0.175781 0.131944 0.0484375 0.186111 0.177681 0.107041 0.999634 0.173082 0.0837396 0.998717 0.169069 0.0643086 0.970515 0.17802 0.199711 0.995992
0 0.0140625 0.597222 0.028125 0.166667 0.00784412 0.608916 0.857247 0.010231 0.635992 0.912644 0.0123194 0.65153 0.860505 0 0 0.473052
0 0.399219 0.15 0.0609375 0.25 0.40017 0.138604 0.999848 0.403017 0.0928557 0.999752 0.403805 0.0629895 0.997742 0.397875 0.256032 0.999263
0 0.486719 0.305556 0.0359375 0.1 0.484969 0.295446 0.999326 0.488757 0.304474 0.999698 0.491074 0.315049 0.999001 0.480789 0.29002 0.990537
0 0.485156 0.326389 0.0390625 0.125 0.48582 0.311472 0.997557 0.489375 0.307817 0.998406 0.492654 0.309482 0.994621 0.469587 0.353444 0.986224
0 0.765625 0.531944 0.090625 0.169444 0.766193 0.542589 0.999158 0.747861 0.573392 0.999777 0.736619 0.592643 0.999315 0.798431 0.469377 0.971509
0 0.0195312 0.145833 0.0390625 0.152778 0.0139365 0.13421 0.894924 0.0163873 0.146383 0.918908 0.0207415 0.154914 0.823051 0 0 0.389819
0 0.710938 0.233333 0.065625 0.338889 0.712427 0.227873 0.999506 0.719393 0.30058 0.997413 0.726487 0.347147 0.943713 0.701593 0.0767009 0.988522
0 0.0148437 0.570833 0.0296875 0.197222 0.0115161 0.607616 0.70373 0.0119526 0.635539 0.850967 0.0137453 0.652163 0.895693 0.0139148 0.558407 0.565038
0 0.633594 0.533333 0.0734375 0.194444 0.629356 0.518193 0.998998 0.637338 0.554076 0.998141 0.642077 0.578336 0.978037 0.618571 0.457948 0.961632
0 0.767969 0.351389 0.0640625 0.0861111 0.769039 0.344952 0.995904 0.775053 0.362299 0.996476 0.779575 0.375223 0.983086 0.757669 0.326749 0.886277
0 0.484375 0.304167 0.04375 0.108333 0.484231 0.310699 0.991681 0.489871 0.312902 0.995722 0.494204 0.31702 0.991962 0.472869 0.328821 0.825229
0 0.619531 0.502778 0.0421875 0.155556 0.623619 0.506922 0.994565 0.632354 0.536627 0.994682 0.637724 0.558741 0.982798 0.602744 0.437644 0.940519
0 0.235156 0.536111 0.0359375 0.127778 0.238553 0.554143 0.966728 0.238746 0.575069 0.956662 0.234838 0.587929 0.910894 0.231375 0.489052 0.952447
0 0.710156 0.234722 0.0578125 0.341667 0.712111 0.228212 0.999761 0.714294 0.301794 0.998568 0.716894 0.353202 0.925744 0.706627 0.0717775 0.994846
0 0.625 0.502778 0.05625 0.133333 0.623089 0.503413 0.999233 0.632801 0.53396 0.999395 0.640084 0.55755 0.995963 0.606917 0.442556 0.97954
0 0.0140625 0.586111 0.028125 0.161111 0.00810907 0.603808 0.891652 0.0113164 0.629589 0.954352 0.0135462 0.647499 0.943692 0 0 0.451608
0 0.767969 0.523611 0.0859375 0.169444 0.772417 0.528751 0.999773 0.754999 0.563272 0.999892 0.743117 0.584844 0.999369 0.804592 0.455565 0.989523
0 0.485938 0.316667 0.0375 0.116667 0.485358 0.300025 0.99931 0.489071 0.305436 0.999609 0.492018 0.312385 0.998459 0.477652 0.310032 0.994693
0 0.175781 0.131944 0.0484375 0.186111 0.177681 0.107041 0.999634 0.173082 0.0837396 0.998717 0.169069 0.0643086 0.970515 0.17802 0.199711 0.995992
0 0.399219 0.15 0.0609375 0.25 0.40017 0.138604 0.999848 0.403017 0.0928557 0.999752 0.403805 0.0629895 0.997742 0.397875 0.256032 0.999263
0 0.0195312 0.145833 0.0390625 0.152778 0.0139365 0.13421 0.894924 0.0163873 0.146383 0.918908 0.0207415 0.154914 0.823051 0 0 0.389819
0 0.235156 0.536111 0.0359375 0.127778 0.238553 0.554143 0.966728 0.238746 0.575069 0.956662 0.234838 0.587929 0.910894 0.231375 0.489052 0.952447
