0 0.535156 0.666667 0.107813 0.2 0.534736 0.653277 0.999941 0.515874 0.616035 0.999783 0.497569 0.583327 0.994227 0.57725 0.755271 0.999817
0 0.785937 0.1875 0.06875 0.158333 0.786328 0.191928 0.999717 0.772913 0.224321 0.99981 0.76335 0.243888 0.998957 0.815123 0.116855 0.997179
0 0.0382813 0.143056 0.0703125 0.102778 0.0435883 0.13979 0.999572 0.0514195 0.143205 0.999415 0.0553943 0.14607 0.993934 0.0351744 0.142638 0.981012
0 0.567187 0.234722 0.11875 0.152778 0.586354 0.217078 0.999815 0.611246 0.194075 0.999634 0.630143 0.179062 0.99493 0.513392 0.301011 0.997515
0 0.401563 0.527778 0.046875 0.15 0.404129 0.535359 0.999309 0.412114 0.566119 0.999189 0.417096 0.586938 0.99376 0.388722 0.461146 0.996614
0 0.216406 0.458333 0.0453125 0.0777778 0.219535 0.451737 0.999686 0.217535 0.444662 0.999832 0.213989 0.441901 0.999148 0.219214 0.475386 0.987111
0 0.967969 0.951389 0.0640625 0.0972222 0.990059 0.9497 0.832205 0.989214 0.939988 0.550583 0 0 0.113707 0 0 0.291107
0 0.167969 0.216667 0.0421875 0.161111 0.175139 0.230024 0.999861 0.173044 0.215421 0.999851 0.169467 0.204867 0.998617 0.17244 0.270441 0.997393
0 0.657031 0.173611 0.0671875 0.136111 0.658925 0.152421 0.997441 0.667822 0.139226 0.998042 0.673185 0.134163 0.980074 0 0 0.144227
0 0.174219 0.308333 0.0359375 0.0944444 0.182643 0.273439 0.999747 0.185656 0.248673 0.999725 0.187248 0.231792 0.997494 0.176848 0.345559 0.987384
0 0.015625 0.833333 0.03125 0.0944444 0.0134625 0.827571 0.800019 0.0146013 0.823268 0.897624 0.015972 0.823166 0.89625 0.020097 0.839634 0.699632
0 0.208594 0.333333 0.0640625 0.0944444 0.207386 0.331357 0.998861 0.218811 0.311353 0.998308 0.226296 0.301753 0.986271 0.189357 0.397136 0.977352
0 0.220313 0.865278 0.08125 0.0638889 0.220472 0.864385 0.999819 0.238494 0.857574 0.999818 0.251614 0.856656 0.998871 0.182807 0.881485 0.994199
0 0.184375 0.326389 0.040625 0.0916667 0.200169 0.313572 0.999142 0.211608 0.301293 0.999051 0.218862 0.292284 0.993249 0.178036 0.35826 0.967214
0 0.323438 0.798611 0.1 0.158333 0.317551 0.800179 0.99976 0.308599 0.815032 0.999925 0.302775 0.824406 0.999536 0.324329 0.773239 0.878283
