0 0.54375 0.431944 0.071875 0.263889 0.550627 0.412324 0.999923 0.560486 0.35803 0.999662 0.566615 0.317879 0.992048 0.517885 0.549107 0.99982
0 0.154687 0.143056 0.103125 0.136111 0.150094 0.149606 0.999868 0.131284 0.17364 0.999914 0.120669 0.191528 0.999591 0.199644 0.0884905 0.998303
0 0.0515625 0.386111 0.1 0.177778 0.0289929 0.383128 0.998092 0.0158971 0.366102 0.990953 0.0127446 0.351664 0.801084 0.0836762 0.438326 0.867523
0 0.54375 0.431944 0.071875 0.263889 0.550627 0.412324 0.999923 0.560486 0.35803 0.999662 0.566615 0.317879 0.992048 0.517885 0.549107 0.99982
0 0.154687 0.143056 0.103125 0.136111 0.150094 0.149606 0.999868 0.131284 0.17364 0.999914 0.120669 0.191528 0.999591 0.199644 0.0884905 0.998303
0 0.0515625 0.386111 0.1 0.177778 0.0289929 0.383128 0.998092 0.0158971 0.366102 0.990953 0.0127446 0.351664 0.801084 0.0836762 0.438326 0.867523
0 0.54375 0.431944 0.071875 0.263889 0.550627 0.412324 0.999923 0.560486 0.35803 0.999662 0.566615 0.317879 0.992048 0.517885 0.549107 0.99982
0 0.154687 0.143056 0.103125 0.136111 0.150094 0.149606 0.999868 0.131284 0.17364 0.999914 0.120669 0.191528 0.999591 0.199644 0.0884905 0.998303
0 0.0515625 0.386111 0.1 0.177778 0.0289929 0.383128 0.998092 0.0158971 0.366102 0.990953 0.0127446 0.351664 0.801084 0.0836762 0.438326 0.867523
0 0.841406 0.330556 0.0984375 0.122222 0.836505 0.310099 0.999189 0.85228 0.337247 0.997953 0.862504 0.356269 0.935173 0 0 0.167563
0 0.0289063 0.779167 0.0578125 0.0972222 0.012301 0.775281 0.987236 0.019368 0.784342 0.992959 0.0293853 0.793176 0.975537 0.0311287 0.766955 0.524412
0 0.135156 0.7625 0.0828125 0.102778 0.129217 0.746449 0.999606 0.127931 0.758365 0.999763 0.12809 0.769606 0.997937 0.1441 0.738243 0.621876
0 0.521094 0.181944 0.0609375 0.152778 0.524437 0.18625 0.999936 0.515608 0.214781 0.999968 0.508319 0.235268 0.999797 0.546557 0.127309 0.999059
0 0.371094 0.131944 0.0609375 0.163889 0.366557 0.138776 0.999241 0.376939 0.174202 0.999322 0.384593 0.198737 0.995741 0.354139 0.0615337 0.977427
0 0.741406 0.223611 0.0828125 0.0805556 0.739887 0.216996 0.998901 0.729234 0.213949 0.998987 0.720423 0.212376 0.993231 0.760807 0.233262 0.933736
0 0.54375 0.431944 0.071875 0.263889 0.550627 0.412324 0.999923 0.560486 0.35803 0.999662 0.566615 0.317879 0.992048 0.517885 0.549107 0.99982
0 0.154687 0.143056 0.103125 0.136111 0.150094 0.149606 0.999868 0.131284 0.17364 0.999914 0.120669 0.191528 0.999591 0.199644 0.0884905 0.998303
0 0.0515625 0.386111 0.1 0.177778 0.0289929 0.383128 0.998092 0.0158971 0.366102 0.990953 0.0127446 0.351664 0.801084 0.0836762 0.438326 0.867523
0 0.0523437 0.398611 0.0984375 0.158333 0.03868 0.39758 0.998754 0.0158761 0.377945 0.993029 0.00262712 0.355516 0.851718 0.0910493 0.450741 0.951964
0 0.151562 0.148611 0.109375 0.141667 0.143964 0.155597 0.999513 0.123672 0.181167 0.999804 0.113112 0.19922 0.999333 0.193031 0.0903529 0.993008
0 0.841406 0.330556 0.0984375 0.122222 0.836505 0.310099 0.999189 0.85228 0.337247 0.997953 0.862504 0.356269 0.935173 0 0 0.167563
0 0.0289063 0.779167 0.0578125 0.0972222 0.012301 0.775281 0.987236 0.019368 0.784342 0.992959 0.0293853 0.793176 0.975537 0.0311287 0.766955 0.524412
0 0.0351562 0.665278 0.0703125 0.180556 0.0193717 0.673532 0.959314 0.0334675 0.699584 0.925966 0.0477204 0.715273 0.590941 0 0 0.326203
0 0.135156 0.7625 0.0828125 0.102778 0.129217 0.746449 0.999606 0.127931 0.758365 0.999763 0.12809 0.769606 0.997937 0.1441 0.738243 0.621876
0 0.839063 0.333333 0.09375 0.122222 0.837211 0.314814 0.998682 0.845821 0.323021 0.998761 0.851978 0.331109 0.987387 0 0 0.398277
0 0.0382813 0.673611 0.0765625 0.175 0.0220042 0.683848 0.963536 0.0339584 0.705658 0.948242 0.0478423 0.718497 0.687714 0 0 0.101891
0 0.138281 0.769444 0.0859375 0.105556 0.136442 0.756971 0.999484 0.129606 0.758619 0.999662 0.125478 0.761616 0.996652 0 0 0.479411
0 0.0476562 0.386111 0.0953125 0.177778 0.0277379 0.382134 0.994957 0.0153851 0.377731 0.975729 0.0100454 0.368251 0.648568 0.0687622 0.433124 0.715578
0 0.521094 0.181944 0.0609375 0.152778 0.524437 0.18625 0.999936 0.515608 0.214781 0.999968 0.508319 0.235268 0.999797 0.546557 0.127309 0.999059
0 0.0335938 0.694444 0.0671875 0.183333 0.0156911 0.692699 0.951715 0.0290123 0.712217 0.964567 0.0441404 0.722076 0.86509 0 0 0.0972633
0 0.0375 0.694444 0.075 0.183333 0.0192515 0.699447 0.971678 0.0297678 0.720798 0.963584 0.044628 0.732888 0.80238 0 0 0.159052
0 0.0304688 0.773611 0.0609375 0.113889 0.00909734 0.770709 0.971024 0.0190749 0.783875 0.990016 0.0318375 0.796846 0.974431 0 0 0.158274
0 0.526563 0.169444 0.06875 0.172222 0.527751 0.170084 0.999956 0.518072 0.200818 0.999984 0.512223 0.223456 0.999916 0.552124 0.0983903 0.9992
0 0.371094 0.131944 0.0609375 0.163889 0.366557 0.138776 0.999241 0.376939 0.174202 0.999322 0.384593 0.198737 0.995741 0.354139 0.0615337 0.977427
0 0.532812 0.166667 0.078125 0.177778 0.535176 0.155295 0.999981 0.524002 0.183976 0.999987 0.515396 0.206004 0.999888 0.566321 0.088738 0.99982
0 0.741406 0.223611 0.0828125 0.0805556 0.739887 0.216996 0.998901 0.729234 0.213949 0.998987 0.720423 0.212376 0.993231 0.760807 0.233262 0.933736
0 0.51875 0.179167 0.05625 0.152778 0.524051 0.1888 0.999892 0.515013 0.216285 0.999949 0.506342 0.237194 0.999737 0.540194 0.130061 0.998919
0 0.371875 0.151389 0.053125 0.136111 0.367558 0.146091 0.999844 0.377882 0.181411 0.999821 0.385915 0.206386 0.998522 0.352873 0.0659263 0.996699
0 0.372656 0.138889 0.0515625 0.144444 0.368383 0.125439 0.999842 0.376197 0.159383 0.999821 0.381969 0.184872 0.997931 0.356963 0.058975 0.994742
0 0.140625 0.772222 0.090625 0.111111 0.13663 0.758011 0.999311 0.129618 0.760527 0.999438 0.125901 0.763549 0.995141 0.165521 0.760596 0.623142
0 0.739062 0.223611 0.084375 0.0861111 0.737546 0.212353 0.998973 0.724901 0.206001 0.998724 0.713497 0.201924 0.987755 0.762633 0.243291 0.928844
0 0.03125 0.783333 0.0625 0.0888889 0.014188 0.784469 0.979383 0.0160868 0.784623 0.98319 0.0224317 0.785412 0.961551 0.0386979 0.782481 0.811717
0 0.149219 0.141667 0.104687 0.127778 0.150618 0.147932 0.996646 0.12648 0.174396 0.994258 0.110115 0.193694 0.970117 0.204982 0.0799777 0.968913
0 0.54375 0.431944 0.071875 0.263889 0.550627 0.412324 0.999923 0.560486 0.35803 0.999662 0.566615 0.317879 0.992048 0.517885 0.549107 0.99982
0 0.154687 0.143056 0.103125 0.136111 0.150094 0.149606 0.999868 0.131284 0.17364 0.999914 0.120669 0.191528 0.999591 0.199644 0.0884905 0.998303
0 0.0515625 0.386111 0.1 0.177778 0.0289929 0.383128 0.998092 0.0158971 0.366102 0.990953 0.0127446 0.351664 0.801084 0.0836762 0.438326 0.867523
0 0.841406 0.330556 0.0984375 0.122222 0.836505 0.310099 0.999189 0.85228 0.337247 0.997953 0.862504 0.356269 0.935173 0 0 0.167563
0 0.0289063 0.779167 0.0578125 0.0972222 0.012301 0.775281 0.987236 0.019368 0.784342 0.992959 0.0293853 0.793176 0.975537 0.0311287 0.766955 0.524412
0 0.135156 0.7625 0.0828125 0.102778 0.129217 0.746449 0.999606 0.127931 0.758365 0.999763 0.12809 0.769606 0.997937 0.1441 0.738243 0.621876
0 0.521094 0.181944 0.0609375 0.152778 0.524437 0.18625 0.999936 0.515608 0.214781 0.999968 0.508319 0.235268 0.999797 0.546557 0.127309 0.999059
0 0.371094 0.131944 0.0609375 0.163889 0.366557 0.138776 0.999241 0.376939 0.174202 0.999322 0.384593 0.198737 0.995741 0.354139 0.0615337 0.977427
0 0.741406 0.223611 0.0828125 0.0805556 0.739887 0.216996 0.998901 0.729234 0.213949 0.998987 0.720423 0.212376 0.993231 0.760807 0.233262 0.933736
