0 0.751562 0.711111 0.13125 0.194444 0.751571 0.71297 0.999934 0.723422 0.747336 0.999912 0.703434 0.773006 0.998779 0.811039 0.634812 0.999048
0 0.244531 0.748611 0.0578125 0.136111 0.243171 0.758855 0.999855 0.233617 0.782446 0.999825 0.224837 0.798796 0.998464 0.265004 0.695455 0.999735
0 0.10625 0.173611 0.075 0.0583333 0.105841 0.170086 0.99684 0.0902269 0.162691 0.995271 0.0796748 0.158191 0.969305 0.137015 0.184525 0.965094
0 0.26875 0.468056 0.05625 0.108333 0.273509 0.464748 0.999582 0.263967 0.446879 0.999626 0.255927 0.434655 0.997428 0.295056 0.501515 0.981979
0 0.264844 0.918056 0.0671875 0.158333 0.268704 0.912494 0.999482 0.256726 0.945102 0.999399 0.246758 0.965373 0.994512 0.29537 0.849575 0.993923
0 0.433594 0.208333 0.0703125 0.138889 0.432096 0.21586 0.999444 0.420447 0.239879 0.999542 0.412611 0.258051 0.998134 0.461737 0.147115 0.998354
0 0.751562 0.711111 0.13125 0.194444 0.751571 0.71297 0.999934 0.723422 0.747336 0.999912 0.703434 0.773006 0.998779 0.811039 0.634812 0.999048
0 0.244531 0.748611 0.0578125 0.136111 0.243171 0.758855 0.999855 0.233617 0.782446 0.999825 0.224837 0.798796 0.998464 0.265004 0.695455 0.999735
0 0.10625 0.173611 0.075 0.0583333 0.105841 0.170086 0.99684 0.0902269 0.162691 0.995271 0.0796748 0.158191 0.969305 0.137015 0.184525 0.965094
0 0.26875 0.468056 0.05625 0.108333 0.273509 0.464748 0.999582 0.263967 0.446879 0.999626 0.255927 0.434655 0.997428 0.295056 0.501515 0.981979
0 0.264844 0.918056 0.0671875 0.158333 0.268704 0.912494 0.999482 0.256726 0.945102 0.999399 0.246758 0.965373 0.994512 0.29537 0.849575 0.993923
0 0.433594 0.208333 0.0703125 0.138889 0.432096 0.21586 0.999444 0.420447 0.239879 0.999542 0.412611 0.258051 0.998134 0.461737 0.147115 0.998354
0 0.751562 0.711111 0.13125 0.194444 0.751571 0.71297 0.999934 0.723422 0.747336 0.999912 0.703434 0.773006 0.998779 0.811039 0.634812 0.999048
0 0.244531 0.748611 0.0578125 0.136111 0.243171 0.758855 0.999855 0.233617 0.782446 0.999825 0.224837 0.798796 0.998464 0.265004 0.695455 0.999735
0 0.10625 0.173611 0.075 0.0583333 0.105841 0.170086 0.99684 0.0902269 0.162691 0.995271 0.0796748 0.158191 0.969305 0.137015 0.184525 0.965094
0 0.26875 0.468056 0.05625 0.108333 0.273509 0.464748 0.999582 0.263967 0.446879 0.999626 0.255927 0.434655 0.997428 0.295056 0.501515 0.981979
0 0.264844 0.918056 0.0671875 0.158333 0.268704 0.912494 0.999482 0.256726 0.945102 0.999399 0.246758 0.965373 0.994512 0.29537 0.849575 0.993923
0 0.433594 0.208333 0.0703125 0.138889 0.432096 0.21586 0.999444 0.420447 0.239879 0.999542 0.412611 0.258051 0.998134 0.461737 0.147115 0.998354
0 0.322656 0.502778 0.0421875 0.138889 0.32386 0.508095 0.999777 0.328009 0.53429 0.999736 0.331567 0.554781 0.99779 0.312128 0.449887 0.998553
0 0.0242187 0.165278 0.0453125 0.0527778 0.0142481 0.159021 0.919084 0.0174506 0.159327 0.915619 0.0221396 0.160473 0.765074 0.0321141 0.165076 0.536133
0 0.9625 0.556944 0.065625 0.0472222 0.965724 0.543421 0.989113 0.957071 0.547135 0.983312 0.947428 0.552272 0.915093 0.97061 0.551778 0.94672
0 0.141406 0.809722 0.0671875 0.130556 0.141082 0.79259 0.99865 0.150505 0.815698 0.999442 0.157407 0.837878 0.997286 0.135756 0.769192 0.726963
0 0.648438 0.786111 0.05625 0.227778 0.648499 0.788987 0.999144 0.645349 0.836287 0.999512 0.643144 0.87751 0.997369 0.664066 0.674474 0.975739
0 0.535156 0.622222 0.0734375 0.194444 0.539879 0.612174 0.999149 0.533716 0.587258 0.998341 0.526312 0.573693 0.974817 0.551868 0.701432 0.984533
0 0.859375 0.945833 0.05625 0.108333 0.864305 0.944458 0.994254 0.859604 0.97352 0.993379 0.853258 0.989454 0.94943 0.869312 0.88537 0.845059
0 0.986719 0.125 0.0265625 0.188889 0 0 0.0431673 0 0 0.0299027 0 0 0.0629508 0.991191 0.0525532 0.637541
0 0.751562 0.711111 0.13125 0.194444 0.751571 0.71297 0.999934 0.723422 0.747336 0.999912 0.703434 0.773006 0.998779 0.811039 0.634812 0.999048
0 0.244531 0.748611 0.0578125 0.136111 0.243171 0.758855 0.999855 0.233617 0.782446 0.999825 0.224837 0.798796 0.998464 0.265004 0.695455 0.999735
0 0.10625 0.173611 0.075 0.0583333 0.105841 0.170086 0.99684 0.0902269 0.162691 0.995271 0.0796748 0.158191 0.969305 0.137015 0.184525 0.965094
0 0.107031 0.170833 0.0734375 0.0583333 0.105648 0.170044 0.997771 0.0895598 0.163726 0.997337 0.0781487 0.159669 0.980936 0.135012 0.182125 0.97461
0 0.75625 0.709722 0.121875 0.186111 0.76108 0.712114 0.999464 0.73886 0.74774 0.999025 0.723588 0.7737 0.993948 0.811049 0.637175 0.998153
0 0.26875 0.468056 0.05625 0.108333 0.273509 0.464748 0.999582 0.263967 0.446879 0.999626 0.255927 0.434655 0.997428 0.295056 0.501515 0.981979
0 0.264844 0.918056 0.0671875 0.158333 0.268704 0.912494 0.999482 0.256726 0.945102 0.999399 0.246758 0.965373 0.994512 0.29537 0.849575 0.993923
0 0.433594 0.208333 0.0703125 0.138889 0.432096 0.21586 0.999444 0.420447 0.239879 0.999542 0.412611 0.258051 0.998134 0.461737 0.147115 0.998354
0 0.2625 0.915278 0.071875 0.152778 0.267288 0.91243 0.999961 0.252583 0.944575 0.999965 0.243426 0.963531 0.999685 0.299959 0.836176 0.999197
0 0.322656 0.502778 0.0421875 0.138889 0.32386 0.508095 0.999777 0.328009 0.53429 0.999736 0.331567 0.554781 0.99779 0.312128 0.449887 0.998553
0 0.0242187 0.165278 0.0453125 0.0527778 0.0142481 0.159021 0.919084 0.0174506 0.159327 0.915619 0.0221396 0.160473 0.765074 0.0321141 0.165076 0.536133
0 0.24375 0.752778 0.0625 0.138889 0.240065 0.759311 0.999787 0.230625 0.782945 0.999741 0.223818 0.799333 0.998113 0.263958 0.689967 0.999699
0 0.0242187 0.166667 0.0484375 0.0611111 0.0147945 0.160972 0.926998 0.0168337 0.159812 0.909781 0.0214747 0.158076 0.730561 0 0 0.474206
0 0.43125 0.215278 0.071875 0.152778 0.430184 0.221556 0.999889 0.417651 0.250275 0.999874 0.408883 0.268196 0.998858 0.461914 0.146997 0.999715
0 0.0242187 0.163889 0.0484375 0.0555556 0.0134602 0.159185 0.85158 0.0148597 0.158779 0.851088 0.0186484 0.158075 0.71191 0.032636 0.166707 0.551103
0 0.273438 0.480556 0.053125 0.138889 0.272246 0.46598 0.999621 0.263115 0.45134 0.999621 0.25683 0.436556 0.997307 0.289014 0.502014 0.990342
0 0.245312 0.745833 0.05 0.125 0.24325 0.761364 0.997702 0.229938 0.78609 0.996404 0.219132 0.799247 0.983409 0.270103 0.69196 0.982567
0 0.9625 0.556944 0.065625 0.0472222 0.965724 0.543421 0.989113 0.957071 0.547135 0.983312 0.947428 0.552272 0.915093 0.97061 0.551778 0.94672
0 0.0242187 0.159722 0.0484375 0.0805556 0.0180976 0.172254 0.60979 0.0201995 0.1677 0.688905 0.0229809 0.16352 0.755899 0.0378674 0.185734 0.504803
0 0.141406 0.809722 0.0671875 0.130556 0.141082 0.79259 0.99865 0.150505 0.815698 0.999442 0.157407 0.837878 0.997286 0.135756 0.769192 0.726963
0 0.648438 0.786111 0.05625 0.227778 0.648499 0.788987 0.999144 0.645349 0.836287 0.999512 0.643144 0.87751 0.997369 0.664066 0.674474 0.975739
0 0.269531 0.472222 0.0578125 0.127778 0.27379 0.469935 0.998516 0.26754 0.451036 0.999065 0.26144 0.433986 0.99573 0.289906 0.512594 0.888361
0 0.535156 0.622222 0.0734375 0.194444 0.539879 0.612174 0.999149 0.533716 0.587258 0.998341 0.526312 0.573693 0.974817 0.551868 0.701432 0.984533
0 0.435156 0.202778 0.0640625 0.133333 0.433944 0.208834 0.988037 0.419529 0.238982 0.9872 0.407667 0.257564 0.965622 0.465075 0.135494 0.964448
0 0.5375 0.630556 0.06875 0.183333 0.541964 0.616884 0.9993 0.53648 0.594817 0.999 0.529046 0.580623 0.989092 0.548992 0.689251 0.971874
0 0.107813 0.169444 0.078125 0.0555556 0.106065 0.169235 0.998196 0.0857576 0.16003 0.998184 0.0729149 0.158407 0.986698 0.14529 0.197404 0.883537
0 0.859375 0.945833 0.05625 0.108333 0.864305 0.944458 0.994254 0.859604 0.97352 0.993379 0.853258 0.989454 0.94943 0.869312 0.88537 0.845059
0 0.267969 0.909722 0.0609375 0.141667 0.267226 0.913875 0.995244 0.253562 0.943212 0.991906 0.240105 0.96269 0.960238 0.295798 0.835595 0.968901
0 0.271875 0.472222 0.071875 0.111111 0.278794 0.469668 0.998532 0.271336 0.453178 0.999082 0.261435 0.436605 0.997378 0.288586 0.495041 0.923717
0 0.142969 0.8125 0.0671875 0.141667 0.139978 0.785734 0.999139 0.147921 0.817404 0.999557 0.154035 0.839656 0.996528 0.134623 0.760901 0.571485
0 0.858594 0.943056 0.0578125 0.113889 0.865676 0.948616 0.993847 0.858933 0.979964 0.984243 0.85157 0.992169 0.827669 0.875554 0.880579 0.916266
0 0.860937 0.923611 0.05 0.152778 0.864346 0.952864 0.911335 0.856577 0.981102 0.922548 0.851079 0.992938 0.887949 0.876281 0.89168 0.636798
0 0.986719 0.125 0.0265625 0.188889 0 0 0.0431673 0 0 0.0299027 0 0 0.0629508 0.991191 0.0525532 0.637541
0 0.265625 0.4625 0.05625 0.108333 0.270678 0.465942 0.997663 0.264512 0.443824 0.998881 0.258018 0.429897 0.995447 0.280434 0.508248 0.785899
0 0.249219 0.748611 0.0578125 0.125 0.243635 0.762548 0.993144 0.229911 0.78659 0.988031 0.218101 0.801204 0.9521 0.272162 0.692727 0.980627
0 0.316406 0.504167 0.0546875 0.136111 0.319906 0.513389 0.998729 0.322197 0.520155 0.99902 0.321735 0.52072 0.996715 0.31164 0.49905 0.946218
0 0.860937 0.923611 0.046875 0.152778 0.86274 0.941622 0.977845 0.860698 0.979443 0.989772 0.857727 1 0.980602 0.862951 0.868397 0.716233
0 0.751562 0.711111 0.13125 0.194444 0.751571 0.71297 0.999934 0.723422 0.747336 0.999912 0.703434 0.773006 0.998779 0.811039 0.634812 0.999048
0 0.244531 0.748611 0.0578125 0.136111 0.243171 0.758855 0.999855 0.233617 0.782446 0.999825 0.224837 0.798796 0.998464 0.265004 0.695455 0.999735
0 0.10625 0.173611 0.075 0.0583333 0.105841 0.170086 0.99684 0.0902269 0.162691 0.995271 0.0796748 0.158191 0.969305 0.137015 0.184525 0.965094
0 0.26875 0.468056 0.05625 0.108333 0.273509 0.464748 0.999582 0.263967 0.446879 0.999626 0.255927 0.434655 0.997428 0.295056 0.501515 0.981979
0 0.264844 0.918056 0.0671875 0.158333 0.268704 0.912494 0.999482 0.256726 0.945102 0.999399 0.246758 0.965373 0.994512 0.29537 0.849575 0.993923
0 0.433594 0.208333 0.0703125 0.138889 0.432096 0.21586 0.999444 0.420447 0.239879 0.999542 0.412611 0.258051 0.998134 0.461737 0.147115 0.998354
0 0.322656 0.502778 0.0421875 0.138889 0.32386 0.508095 0.999777 0.328009 0.53429 0.999736 0.331567 0.554781 0.99779 0.312128 0.449887 0.998553
0 0.0242187 0.165278 0.0453125 0.0527778 0.0142481 0.159021 0.919084 0.0174506 0.159327 0.915619 0.0221396 0.160473 0.765074 0.0321141 0.165076 0.536133
0 0.9625 0.556944 0.065625 0.0472222 0.965724 0.543421 0.989113 0.957071 0.547135 0.983312 0.947428 0.552272 0.915093 0.97061 0.551778 0.94672
0 0.141406 0.809722 0.0671875 0.130556 0.141082 0.79259 0.99865 0.150505 0.815698 0.999442 0.157407 0.837878 0.997286 0.135756 0.769192 0.726963
0 0.648438 0.786111 0.05625 0.227778 0.648499 0.788987 0.999144 0.645349 0.836287 0.999512 0.643144 0.87751 0.997369 0.664066 0.674474 0.975739
0 0.535156 0.622222 0.0734375 0.194444 0.539879 0.612174 0.999149 0.533716 0.587258 0.998341 0.526312 0.573693 0.974817 0.551868 0.701432 0.984533
0 0.859375 0.945833 0.05625 0.108333 0.864305 0.944458 0.994254 0.859604 0.97352 0.993379 0.853258 0.989454 0.94943 0.869312 0.88537 0.845059
0 0.986719 0.125 0.0265625 0.188889 0 0 0.0431673 0 0 0.0299027 0 0 0.0629508 0.991191 0.0525532 0.637541
