0 0.0757812 0.327778 0.0921875 0.0555556 0.0722944 0.324001 0.99946 0.0534625 0.32208 0.999169 0.0409809 0.32174 0.990614 0.114241 0.337057 0.973557
0 0.25625 0.0402778 0.0625 0.0805556 0.25927 0.0283344 0.998381 0.258684 0.0303078 0.999196 0.257022 0.0335304 0.995381 0.252516 0.0452929 0.790108
0 0.869531 0.0791667 0.0640625 0.158333 0.87438 0.0640228 0.996612 0.863133 0.102323 0.998893 0.856283 0.128943 0.992965 0 0 0.101417
0 0.334375 0.419444 0.04375 0.177778 0.337778 0.418881 0.999214 0.340568 0.460234 0.999648 0.341663 0.492688 0.998356 0.334563 0.347081 0.961251
0 0.0757812 0.327778 0.0921875 0.0555556 0.0722944 0.324001 0.99946 0.0534625 0.32208 0.999169 0.0409809 0.32174 0.990614 0.114241 0.337057 0.973557
0 0.25625 0.0402778 0.0625 0.0805556 0.25927 0.0283344 0.998381 0.258684 0.0303078 0.999196 0.257022 0.0335304 0.995381 0.252516 0.0452929 0.790108
0 0.869531 0.0791667 0.0640625 0.158333 0.87438 0.0640228 0.996612 0.863133 0.102323 0.998893 0.856283 0.128943 0.992965 0 0 0.101417
0 0.334375 0.419444 0.04375 0.177778 0.337778 0.418881 0.999214 0.340568 0.460234 0.999648 0.341663 0.492688 0.998356 0.334563 0.347081 0.961251
0 0.0757812 0.327778 0.0921875 0.0555556 0.0722944 0.324001 0.99946 0.0534625 0.32208 0.999169 0.0409809 0.32174 0.990614 0.114241 0.337057 0.973557
0 0.25625 0.0402778 0.0625 0.0805556 0.25927 0.0283344 0.998381 0.258684 0.0303078 0.999196 0.257022 0.0335304 0.995381 0.252516 0.0452929 0.790108
0 0.869531 0.0791667 0.0640625 0.158333 0.87438 0.0640228 0.996612 0.863133 0.102323 0.998893 0.856283 0.128943 0.992965 0 0 0.101417
0 0.334375 0.419444 0.04375 0.177778 0.337778 0.418881 0.999214 0.340568 0.460234 0.999648 0.341663 0.492688 0.998356 0.334563 0.347081 0.961251
0 0.944531 0.923611 0.107813 0.152778 0.948481 0.941163 0.997965 0.923596 0.976495 0.997707 0.906106 0.994285 0.964194 0.987469 0.861259 0.757407
0 0.269531 0.279167 0.0484375 0.208333 0.27597 0.263091 0.999642 0.281019 0.229368 0.999092 0.28335 0.203675 0.984928 0.25797 0.359002 0.993598
0 0.526563 0.455556 0.046875 0.133333 0.529728 0.458994 0.999376 0.535515 0.485634 0.999326 0.539324 0.50452 0.995212 0.516932 0.395754 0.994888
0 0.145313 0.0833333 0.05 0.161111 0.157366 0.056029 0.994934 0.162296 0.0468896 0.988462 0.164427 0.0449734 0.911565 0.133407 0.137531 0.98226
0 0.645312 0.179167 0.0625 0.119444 0.646547 0.167149 0.999007 0.633231 0.197215 0.99959 0.623458 0.217945 0.997791 0.672051 0.124567 0.837899
0 0.164844 0.356944 0.0578125 0.0416667 0.16142 0.356028 0.998515 0.168424 0.356913 0.998694 0.17439 0.358447 0.994139 0.155803 0.355175 0.974501
0 0.0359375 0.0902778 0.065625 0.0805556 0.0353093 0.0830176 0.987429 0.0259677 0.0753441 0.972441 0.0167196 0.0669363 0.855372 0.0305611 0.0888699 0.924243
0 0.0757812 0.327778 0.0921875 0.0555556 0.0722944 0.324001 0.99946 0.0534625 0.32208 0.999169 0.0409809 0.32174 0.990614 0.114241 0.337057 0.973557
0 0.0765625 0.329167 0.09375 0.0527778 0.072584 0.325663 0.999606 0.0542658 0.324378 0.999597 0.0428461 0.324181 0.996496 0.11597 0.335664 0.968929
0 0.25625 0.0402778 0.0625 0.0805556 0.25927 0.0283344 0.998381 0.258684 0.0303078 0.999196 0.257022 0.0335304 0.995381 0.252516 0.0452929 0.790108
0 0.869531 0.0791667 0.0640625 0.158333 0.87438 0.0640228 0.996612 0.863133 0.102323 0.998893 0.856283 0.128943 0.992965 0 0 0.101417
0 0.334375 0.419444 0.04375 0.177778 0.337778 0.418881 0.999214 0.340568 0.460234 0.999648 0.341663 0.492688 0.998356 0.334563 0.347081 0.961251
0 0.944531 0.923611 0.107813 0.152778 0.948481 0.941163 0.997965 0.923596 0.976495 0.997707 0.906106 0.994285 0.964194 0.987469 0.861259 0.757407
0 0.335156 0.423611 0.0453125 0.169444 0.33673 0.422085 0.998917 0.340692 0.462779 0.999562 0.343048 0.493975 0.997878 0.332808 0.352277 0.889234
0 0.260156 0.0388889 0.0640625 0.0777778 0.260856 0.027545 0.997981 0.260402 0.0303365 0.996526 0.260656 0.0341243 0.961287 0.249222 0.0519238 0.82137
0 0.269531 0.279167 0.0484375 0.208333 0.27597 0.263091 0.999642 0.281019 0.229368 0.999092 0.28335 0.203675 0.984928 0.25797 0.359002 0.993598
0 0.332812 0.413889 0.046875 0.194444 0.338148 0.415619 0.998577 0.341431 0.457834 0.999306 0.342369 0.491147 0.996754 0.331768 0.34333 0.962918
0 0.330469 0.404167 0.0484375 0.213889 0.337355 0.407699 0.999505 0.340249 0.447431 0.999706 0.341296 0.478713 0.998117 0.332588 0.339691 0.985727
0 0.25625 0.0430556 0.059375 0.0861111 0.259057 0.0285223 0.998988 0.258341 0.0319374 0.999621 0.257589 0.0360104 0.998407 0.252551 0.0441417 0.830624
0 0.257812 0.0402778 0.0625 0.0805556 0.258505 0.0268425 0.998075 0.258694 0.0273604 0.997888 0.257804 0.0283397 0.979103 0.249631 0.0466977 0.835751
0 0.327344 0.4 0.0546875 0.222222 0.331941 0.392998 0.99931 0.334707 0.417266 0.998537 0.336301 0.437128 0.982168 0.328793 0.373026 0.99065
0 0.0734375 0.325 0.084375 0.0611111 0.0685938 0.322924 0.999115 0.0550841 0.318998 0.998822 0.0448221 0.317705 0.987881 0.0956333 0.340039 0.959265
0 0.275 0.277778 0.05625 0.211111 0.281143 0.265508 0.99977 0.285608 0.23365 0.999213 0.286837 0.207114 0.982027 0.262775 0.363906 0.994748
0 0.526563 0.455556 0.046875 0.133333 0.529728 0.458994 0.999376 0.535515 0.485634 0.999326 0.539324 0.50452 0.995212 0.516932 0.395754 0.994888
0 0.273438 0.277778 0.05 0.205556 0.275942 0.247923 0.999293 0.281196 0.208235 0.99889 0.283671 0.180994 0.99027 0.259477 0.333682 0.986344
0 0.525781 0.448611 0.0421875 0.119444 0.530167 0.453327 0.999503 0.53298 0.481621 0.999408 0.535206 0.501512 0.996778 0.520737 0.393534 0.99694
0 0.867188 0.0833333 0.071875 0.166667 0.870679 0.07176 0.992689 0.859608 0.106685 0.997389 0.852712 0.13077 0.988465 0 0 0.150246
0 0.269531 0.290278 0.0421875 0.180556 0.276382 0.272127 0.999298 0.280752 0.248722 0.998426 0.283283 0.23041 0.979989 0.261279 0.354366 0.982767
0 0.335156 0.411111 0.0453125 0.188889 0.337054 0.432396 0.994995 0.341944 0.46572 0.995925 0.344943 0.489163 0.987123 0.326694 0.369806 0.89196
0 0.145313 0.0833333 0.05 0.161111 0.157366 0.056029 0.994934 0.162296 0.0468896 0.988462 0.164427 0.0449734 0.911565 0.133407 0.137531 0.98226
0 0.06875 0.327778 0.08125 0.0555556 0.0710133 0.32682 0.971421 0.0545918 0.323686 0.979591 0.0429072 0.321357 0.95726 0.0997451 0.337558 0.67305
0 0.645312 0.179167 0.0625 0.119444 0.646547 0.167149 0.999007 0.633231 0.197215 0.99959 0.623458 0.217945 0.997791 0.672051 0.124567 0.837899
0 0.950781 0.920833 0.0953125 0.158333 0.958529 0.927365 0.965707 0.938504 0.96158 0.938437 0.925075 0.97938 0.691717 0.986527 0.86711 0.721579
0 0.164844 0.356944 0.0578125 0.0416667 0.16142 0.356028 0.998515 0.168424 0.356913 0.998694 0.17439 0.358447 0.994139 0.155803 0.355175 0.974501
0 0.86875 0.0791667 0.059375 0.147222 0.870678 0.0647624 0.976122 0.857983 0.104807 0.988479 0.853606 0.131333 0.972679 0 0 0.392976
0 0.0804688 0.338889 0.107813 0.0444444 0.0740634 0.324898 0.999798 0.0574801 0.324799 0.999887 0.0488763 0.328318 0.999355 0.115748 0.333327 0.957344
0 0.0359375 0.0902778 0.065625 0.0805556 0.0353093 0.0830176 0.987429 0.0259677 0.0753441 0.972441 0.0167196 0.0669363 0.855372 0.0305611 0.0888699 0.924243
0 0.254687 0.0388889 0.065625 0.0722222 0.255546 0.0304322 0.928584 0.253198 0.0265815 0.95399 0.248717 0.031314 0.931414 0.251008 0.0605597 0.598852
0 0.646094 0.173611 0.0671875 0.119444 0.644891 0.168045 0.99839 0.632674 0.193928 0.99962 0.624391 0.212904 0.998661 0.66811 0.123435 0.778746
0 0.871875 0.0777778 0.0625 0.144444 0.871928 0.0639597 0.968855 0.861072 0.100421 0.985167 0.854084 0.125269 0.966006 0 0 0.366529
0 0.642187 0.166667 0.059375 0.116667 0.6441 0.168354 0.985309 0.630709 0.197077 0.993496 0.622681 0.214663 0.98582 0.667596 0.132546 0.557584
0 0.592969 0.397222 0.0921875 0.0888889 0.595055 0.385467 0.999223 0.601922 0.387698 0.999532 0.606919 0.389462 0.997406 0.56353 0.392923 0.979309
0 0.148438 0.0805556 0.05625 0.161111 0.155387 0.0469696 0.994194 0.160943 0.0287013 0.974347 0.162528 0.0200034 0.731114 0.131683 0.135011 0.981475
0 0.275781 0.2875 0.0515625 0.191667 0.28173 0.277608 0.999572 0.283899 0.256151 0.998504 0.283716 0.238713 0.971947 0.269115 0.366816 0.98861
0 0.592188 0.391667 0.096875 0.0777778 0.605022 0.379332 0.999807 0.622154 0.372071 0.999772 0.633489 0.370123 0.998188 0.555233 0.418787 0.997992
0 0.325 0.358333 0.053125 0.155556 0.325995 0.360722 0.998883 0.328473 0.372308 0.997376 0.333061 0.383487 0.974747 0.328209 0.386433 0.985501
0 0.64375 0.180556 0.0625 0.111111 0.646752 0.171088 0.998889 0.632815 0.199581 0.999601 0.621511 0.217859 0.997885 0.669539 0.132344 0.655436
0 0.065625 0.323611 0.075 0.0583333 0.0664979 0.322876 0.99126 0.0568778 0.320413 0.987334 0.0482983 0.316715 0.936335 0.0799292 0.332843 0.879583
0 0.873438 0.0763889 0.059375 0.152778 0.878347 0.0484619 0.99402 0.867141 0.0836393 0.997331 0.859075 0.106979 0.98775 0 0 0.236429
0 0.0757812 0.327778 0.0921875 0.0555556 0.0722944 0.324001 0.99946 0.0534625 0.32208 0.999169 0.0409809 0.32174 0.990614 0.114241 0.337057 0.973557
0 0.25625 0.0402778 0.0625 0.0805556 0.25927 0.0283344 0.998381 0.258684 0.0303078 0.999196 0.257022 0.0335304 0.995381 0.252516 0.0452929 0.790108
0 0.869531 0.0791667 0.0640625 0.158333 0.87438 0.0640228 0.996612 0.863133 0.102323 0.998893 0.856283 0.128943 0.992965 0 0 0.101417
0 0.334375 0.419444 0.04375 0.177778 0.337778 0.418881 0.999214 0.340568 0.460234 0.999648 0.341663 0.492688 0.998356 0.334563 0.347081 0.961251
0 0.944531 0.923611 0.107813 0.152778 0.948481 0.941163 0.997965 0.923596 0.976495 0.997707 0.906106 0.994285 0.964194 0.987469 0.861259 0.757407
0 0.269531 0.279167 0.0484375 0.208333 0.27597 0.263091 0.999642 0.281019 0.229368 0.999092 0.28335 0.203675 0.984928 0.25797 0.359002 0.993598
0 0.526563 0.455556 0.046875 0.133333 0.529728 0.458994 0.999376 0.535515 0.485634 0.999326 0.539324 0.50452 0.995212 0.516932 0.395754 0.994888
0 0.145313 0.0833333 0.05 0.161111 0.157366 0.056029 0.994934 0.162296 0.0468896 0.988462 0.164427 0.0449734 0.911565 0.133407 0.137531 0.98226
0 0.645312 0.179167 0.0625 0.119444 0.646547 0.167149 0.999007 0.633231 0.197215 0.99959 0.623458 0.217945 0.997791 0.672051 0.124567 0.837899
0 0.164844 0.356944 0.0578125 0.0416667 0.16142 0.356028 0.998515 0.168424 0.356913 0.998694 0.17439 0.358447 0.994139 0.155803 0.355175 0.974501
0 0.0359375 0.0902778 0.065625 0.0805556 0.0353093 0.0830176 0.987429 0.0259677 0.0753441 0.972441 0.0167196 0.0669363 0.855372 0.0305611 0.0888699 0.924243
