0 0.58125 0.627778 0.153125 0.238889 0.575289 0.610488 0.999899 0.544553 0.565006 0.999506 0.519641 0.528266 0.982365 0.641701 0.730785 0.999284
0 0.0421875 0.690278 0.08125 0.108333 0.0342975 0.685522 0.998487 0.0169183 0.704251 0.99629 0.0053509 0.715266 0.957626 0.0748223 0.647556 0.991124
0 0.964844 0.323611 0.0703125 0.119444 0.979776 0.309556 0.932926 0.986352 0.298117 0.743607 0 0 0.284291 0.938906 0.358633 0.9772
0 0.58125 0.627778 0.153125 0.238889 0.575289 0.610488 0.999899 0.544553 0.565006 0.999506 0.519641 0.528266 0.982365 0.641701 0.730785 0.999284
0 0.0421875 0.690278 0.08125 0.108333 0.0342975 0.685522 0.998487 0.0169183 0.704251 0.99629 0.0053509 0.715266 0.957626 0.0748223 0.647556 0.991124
0 0.964844 0.323611 0.0703125 0.119444 0.979776 0.309556 0.932926 0.986352 0.298117 0.743607 0 0 0.284291 0.938906 0.358633 0.9772
0 0.58125 0.627778 0.153125 0.238889 0.575289 0.610488 0.999899 0.544553 0.565006 0.999506 0.519641 0.528266 0.982365 0.641701 0.730785 0.999284
0 0.0421875 0.690278 0.08125 0.108333 0.0342975 0.685522 0.998487 0.0169183 0.704251 0.99629 0.0053509 0.715266 0.957626 0.0748223 0.647556 0.991124
0 0.964844 0.323611 0.0703125 0.119444 0.979776 0.309556 0.932926 0.986352 0.298117 0.743607 0 0 0.284291 0.938906 0.358633 0.9772
0 0.278125 0.4125 0.040625 0.113889 0.281443 0.412877 0.999728 0.284295 0.410747 0.999699 0.285688 0.407687 0.997468 0.267058 0.421921 0.995645
0 0.835156 0.566667 0.0765625 0.205556 0.842706 0.560761 0.999383 0.828608 0.602863 0.999218 0.816872 0.640167 0.994686 0.868134 0.475542 0.997024
0 0.413281 0.436111 0.0328125 0.233333 0.418108 0.423676 0.999525 0.416407 0.399208 0.998471 0.413136 0.384968 0.973789 0.410375 0.523665 0.998521
0 0.115625 0.0583333 0.053125 0.0888889 0.116348 0.0507806 0.985249 0.11935 0.0448885 0.935027 0.123008 0.0365995 0.709065 0.10315 0.0657996 0.997995
0 0.792188 0.848611 0.075 0.102778 0.795456 0.850925 0.998384 0.805559 0.842126 0.998985 0.810387 0.839995 0.995286 0.769019 0.878158 0.920217
0 0.978125 0.759722 0.04375 0.241667 0.988729 0.756059 0.935055 0.989789 0.80822 0.571129 0 0 0.0581741 0.975374 0.65108 0.956912
0 0.58125 0.627778 0.153125 0.238889 0.575289 0.610488 0.999899 0.544553 0.565006 0.999506 0.519641 0.528266 0.982365 0.641701 0.730785 0.999284
0 0.0421875 0.690278 0.08125 0.108333 0.0342975 0.685522 0.998487 0.0169183 0.704251 0.99629 0.0053509 0.715266 0.957626 0.0748223 0.647556 0.991124
0 0.964844 0.323611 0.0703125 0.119444 0.979776 0.309556 0.932926 0.986352 0.298117 0.743607 0 0 0.284291 0.938906 0.358633 0.9772
0 0.964844 0.323611 0.0703125 0.130556 0.980873 0.315319 0.943298 0.988368 0.303169 0.809117 0 0 0.406683 0.938 0.362044 0.959503
0 0.278125 0.4125 0.040625 0.113889 0.281443 0.412877 0.999728 0.284295 0.410747 0.999699 0.285688 0.407687 0.997468 0.267058 0.421921 0.995645
0 0.0421875 0.693056 0.08125 0.119444 0.0327256 0.684713 0.996377 0.0165933 0.70658 0.980998 0.0066989 0.716586 0.729853 0.0759053 0.647667 0.989156
0 0.279687 0.413889 0.04375 0.105556 0.284043 0.412716 0.999265 0.286177 0.413282 0.998768 0.285354 0.407453 0.988374 0.266082 0.416592 0.996021
0 0.835156 0.566667 0.0765625 0.205556 0.842706 0.560761 0.999383 0.828608 0.602863 0.999218 0.816872 0.640167 0.994686 0.868134 0.475542 0.997024
0 0.83125 0.572222 0.0875 0.216667 0.841211 0.564516 0.999862 0.824288 0.609979 0.999916 0.807358 0.650428 0.99933 0.867818 0.468509 0.997493
0 0.413281 0.436111 0.0328125 0.233333 0.418108 0.423676 0.999525 0.416407 0.399208 0.998471 0.413136 0.384968 0.973789 0.410375 0.523665 0.998521
0 0.115625 0.0583333 0.053125 0.0888889 0.116348 0.0507806 0.985249 0.11935 0.0448885 0.935027 0.123008 0.0365995 0.709065 0.10315 0.0657996 0.997995
0 0.276563 0.405556 0.046875 0.0944444 0.282202 0.407303 0.993504 0.28792 0.403778 0.994864 0.288326 0.399427 0.987652 0.26042 0.411133 0.943262
0 0.830469 0.586111 0.0953125 0.238889 0.842694 0.569521 0.999886 0.821548 0.61969 0.999918 0.802702 0.658061 0.998964 0.876027 0.473055 0.997011
0 0.0390625 0.686111 0.075 0.1 0.0339568 0.689875 0.928655 0.0179912 0.700015 0.901347 0.00750104 0.702548 0.807171 0.0769598 0.65792 0.854754
0 0.792188 0.848611 0.075 0.102778 0.795456 0.850925 0.998384 0.805559 0.842126 0.998985 0.810387 0.839995 0.995286 0.769019 0.878158 0.920217
0 0.978125 0.759722 0.04375 0.241667 0.988729 0.756059 0.935055 0.989789 0.80822 0.571129 0 0 0.0581741 0.975374 0.65108 0.956912
0 0.964844 0.323611 0.0671875 0.0972222 0.984022 0.308482 0.739746 0.989801 0.289391 0.606143 0 0 0.4615 0.948446 0.358452 0.867926
0 0.0421875 0.690278 0.078125 0.0972222 0.0341657 0.68571 0.97609 0.0160878 0.698546 0.970112 0.00415466 0.704076 0.922325 0.0760029 0.651656 0.902302
0 0.114063 0.0583333 0.053125 0.0833333 0.114481 0.0448218 0.921951 0.117683 0.0354466 0.83281 0.120531 0.0238259 0.674978 0.0991137 0.0642483 0.996319
0 0.792969 0.848611 0.0796875 0.108333 0.796565 0.847122 0.999169 0.808792 0.838306 0.999404 0.81867 0.832319 0.997103 0.769361 0.87435 0.981658
0 0.980469 0.758333 0.0390625 0.238889 0.990825 0.754465 0.929929 0.991167 0.804956 0.551714 0 0 0.0653 0.97803 0.637852 0.933328
0 0.982031 0.759722 0.0359375 0.230556 0.991483 0.751086 0.93937 0.99254 0.800887 0.588952 0 0 0.0790752 0.981524 0.628577 0.866759
0 0.274219 0.416667 0.0484375 0.116667 0.281662 0.414311 0.993196 0.286853 0.40955 0.99322 0.286101 0.406649 0.98259 0.258388 0.41769 0.944632
0 0.414844 0.415278 0.0328125 0.230556 0.416352 0.398794 0.999473 0.41378 0.403344 0.999214 0.412577 0.409611 0.994152 0.423514 0.392098 0.997128
0 0.110156 0.0625 0.0578125 0.0861111 0.116256 0.0564906 0.953369 0.116918 0.0451377 0.91786 0.114233 0.0413672 0.811511 0.10103 0.064941 0.949985
0 0.58125 0.627778 0.153125 0.238889 0.575289 0.610488 0.999899 0.544553 0.565006 0.999506 0.519641 0.528266 0.982365 0.641701 0.730785 0.999284
0 0.0421875 0.690278 0.08125 0.108333 0.0342975 0.685522 0.998487 0.0169183 0.704251 0.99629 0.0053509 0.715266 0.957626 0.0748223 0.647556 0.991124
0 0.964844 0.323611 0.0703125 0.119444 0.979776 0.309556 0.932926 0.986352 0.298117 0.743607 0 0 0.284291 0.938906 0.358633 0.9772
0 0.278125 0.4125 0.040625 0.113889 0.281443 0.412877 0.999728 0.284295 0.410747 0.999699 0.285688 0.407687 0.997468 0.267058 0.421921 0.995645
0 0.835156 0.566667 0.0765625 0.205556 0.842706 0.560761 0.999383 0.828608 0.602863 0.999218 0.816872 0.640167 0.994686 0.868134 0.475542 0.997024
0 0.413281 0.436111 0.0328125 0.233333 0.418108 0.423676 0.999525 0.416407 0.399208 0.998471 0.413136 0.384968 0.973789 0.410375 0.523665 0.998521
0 0.115625 0.0583333 0.053125 0.0888889 0.116348 0.0507806 0.985249 0.11935 0.0448885 0.935027 0.123008 0.0365995 0.709065 0.10315 0.0657996 0.997995
0 0.792188 0.848611 0.075 0.102778 0.795456 0.850925 0.998384 0.805559 0.842126 0.998985 0.810387 0.839995 0.995286 0.769019 0.878158 0.920217
0 0.978125 0.759722 0.04375 0.241667 0.988729 0.756059 0.935055 0.989789 0.80822 0.571129 0 0 0.0581741 0.975374 0.65108 0.956912
