0 0.0695312 0.177778 0.0546875 0.266667 0.069288 0.1522 0.999764 0.0650861 0.10102 0.999043 0.0605841 0.0639108 0.976135 0.0760889 0.285656 0.996173
0 0.0695312 0.177778 0.0546875 0.266667 0.069288 0.1522 0.999764 0.0650861 0.10102 0.999043 0.0605841 0.0639108 0.976135 0.0760889 0.285656 0.996173
0 0.0695312 0.177778 0.0546875 0.266667 0.069288 0.1522 0.999764 0.0650861 0.10102 0.999043 0.0605841 0.0639108 0.976135 0.0760889 0.285656 0.996173
0 0.523438 0.265278 0.15625 0.186111 0.53266 0.24636 0.999679 0.560795 0.221487 0.997199 0.580959 0.204908 0.873918 0.449297 0.335797 0.997623
0 0.7375 0.5125 0.075 0.352778 0.739479 0.496571 0.999602 0.742947 0.56898 0.999251 0.747386 0.633429 0.985458 0.727361 0.342237 0.990192
0 0.01875 0.188889 0.0375 0.272222 0.017335 0.175715 0.953631 0.0140742 0.133604 0.846756 0 0 0.443198 0.021644 0.303643 0.900823
0 0.230469 0.529167 0.0296875 0.169444 0.233327 0.537253 0.995102 0.23381 0.57904 0.994077 0.231509 0.605062 0.979945 0.22351 0.437964 0.967665
0 0.139844 0.934722 0.0421875 0.130556 0.142255 0.964602 0.952345 0.136368 0.988657 0.916448 0.130282 0.997294 0.82877 0.151717 0.88508 0.931145
0 0.0695312 0.177778 0.0546875 0.266667 0.069288 0.1522 0.999764 0.0650861 0.10102 0.999043 0.0605841 0.0639108 0.976135 0.0760889 0.285656 0.996173
0 0.071875 0.179167 0.05 0.258333 0.0682927 0.149427 0.999705 0.0625314 0.104134 0.998027 0.0601286 0.069506 0.948508 0.0743996 0.3057 0.999532
0 0.523438 0.265278 0.15625 0.186111 0.53266 0.24636 0.999679 0.560795 0.221487 0.997199 0.580959 0.204908 0.873918 0.449297 0.335797 0.997623
0 0.7375 0.5125 0.075 0.352778 0.739479 0.496571 0.999602 0.742947 0.56898 0.999251 0.747386 0.633429 0.985458 0.727361 0.342237 0.990192
0 0.01875 0.188889 0.0375 0.272222 0.017335 0.175715 0.953631 0.0140742 0.133604 0.846756 0 0 0.443198 0.021644 0.303643 0.900823
0 0.511719 0.268056 0.132812 0.175 0.531137 0.246416 0.999675 0.560678 0.224034 0.998171 0.582548 0.207562 0.937059 0.450484 0.335315 0.993645
0 0.502344 0.266667 0.117188 0.177778 0.526151 0.248051 0.998718 0.552449 0.222406 0.99373 0.572818 0.197568 0.898016 0.452614 0.324789 0.998591
0 0.0210938 0.180556 0.0390625 0.266667 0.0195695 0.158125 0.966899 0.0172451 0.113143 0.945604 0.0142309 0.0854912 0.758484 0.0224086 0.278773 0.713174
0 0.230469 0.529167 0.0296875 0.169444 0.233327 0.537253 0.995102 0.23381 0.57904 0.994077 0.231509 0.605062 0.979945 0.22351 0.437964 0.967665
0 0.139844 0.934722 0.0421875 0.130556 0.142255 0.964602 0.952345 0.136368 0.988657 0.916448 0.130282 0.997294 0.82877 0.151717 0.88508 0.931145
0 0.51875 0.259722 0.146875 0.186111 0.528017 0.24519 0.999707 0.553681 0.217863 0.99679 0.573131 0.192734 0.832586 0.451538 0.332626 0.999555
0 0.1375 0.936111 0.040625 0.127778 0.143911 0.950403 0.994086 0.142671 0.979983 0.994398 0.138516 0.995205 0.984233 0.145314 0.871942 0.971163
0 0.532031 0.256944 0.170312 0.191667 0.541257 0.237825 0.999785 0.568798 0.216322 0.998069 0.587879 0.200778 0.882479 0.463251 0.32491 0.995352
0 0.135937 0.941667 0.040625 0.116667 0.136771 0.946975 0.982278 0.137704 0.97237 0.962361 0.137086 0.987095 0.781815 0.137143 0.893252 0.980203
0 0.0695312 0.177778 0.0546875 0.266667 0.069288 0.1522 0.999764 0.0650861 0.10102 0.999043 0.0605841 0.0639108 0.976135 0.0760889 0.285656 0.996173
0 0.523438 0.265278 0.15625 0.186111 0.53266 0.24636 0.999679 0.560795 0.221487 0.997199 0.580959 0.204908 0.873918 0.449297 0.335797 0.997623
0 0.7375 0.5125 0.075 0.352778 0.739479 0.496571 0.999602 0.742947 0.56898 0.999251 0.747386 0.633429 0.985458 0.727361 0.342237 0.990192
0 0.01875 0.188889 0.0375 0.272222 0.017335 0.175715 0.953631 0.0140742 0.133604 0.846756 0 0 0.443198 0.021644 0.303643 0.900823
0 0.230469 0.529167 0.0296875 0.169444 0.233327 0.537253 0.995102 0.23381 0.57904 0.994077 0.231509 0.605062 0.979945 0.22351 0.437964 0.967665
0 0.139844 0.934722 0.0421875 0.130556 0.142255 0.964602 0.952345 0.136368 0.988657 0.916448 0.130282 0.997294 0.82877 0.151717 0.88508 0.931145
