0 0.86875 0.666667 0.040625 0.194444 0.875495 0.65962 0.998483 0.874694 0.615354 0.99906 0.871974 0.584096 0.996284 0.873149 0.756874 0.897664
0 0.949219 0.805556 0.0984375 0.0777778 0.94701 0.801047 0.997693 0.923591 0.793112 0.994349 0.905454 0.787546 0.912619 0.977497 0.818256 0.7097
0 0.739844 0.752778 0.157813 0.0944444 0.733107 0.736986 0.999243 0.697215 0.738907 0.999281 0.674503 0.741652 0.997397 0.814245 0.750498 0.989595
0 0.86875 0.666667 0.040625 0.194444 0.875495 0.65962 0.998483 0.874694 0.615354 0.99906 0.871974 0.584096 0.996284 0.873149 0.756874 0.897664
0 0.949219 0.805556 0.0984375 0.0777778 0.94701 0.801047 0.997693 0.923591 0.793112 0.994349 0.905454 0.787546 0.912619 0.977497 0.818256 0.7097
0 0.739844 0.752778 0.157813 0.0944444 0.733107 0.736986 0.999243 0.697215 0.738907 0.999281 0.674503 0.741652 0.997397 0.814245 0.750498 0.989595
0 0.86875 0.666667 0.040625 0.194444 0.875495 0.65962 0.998483 0.874694 0.615354 0.99906 0.871974 0.584096 0.996284 0.873149 0.756874 0.897664
0 0.949219 0.805556 0.0984375 0.0777778 0.94701 0.801047 0.997693 0.923591 0.793112 0.994349 0.905454 0.787546 0.912619 0.977497 0.818256 0.7097
0 0.739844 0.752778 0.157813 0.0944444 0.733107 0.736986 0.999243 0.697215 0.738907 0.999281 0.674503 0.741652 0.997397 0.814245 0.750498 0.989595
0 0.028125 0.0902778 0.05 0.152778 0.0292938 0.0811373 0.994703 0.0271147 0.112399 0.9928 0.0244566 0.135962 0.949718 0.0384515 0.035792 0.952449
0 0.417969 0.948611 0.0828125 0.0972222 0.41582 0.948582 0.996773 0.400162 0.939944 0.995074 0.388181 0.928087 0.953999 0.439792 0.968504 0.726651
0 0.59375 0.8375 0.075 0.0916667 0.597551 0.832354 0.999611 0.612305 0.844012 0.999326 0.623383 0.853377 0.993002 0.562319 0.811839 0.998713
0 0.028125 0.890278 0.05625 0.197222 0.0249068 0.883981 0.976699 0.0288023 0.900501 0.931041 0 0 0.46994 0 0 0.183299
0 0.592969 0.4125 0.0859375 0.280556 0.601336 0.374988 0.999732 0.608528 0.318572 0.998311 0.614348 0.275962 0.946789 0.572669 0.53935 0.998708
0 0.235156 0.0263889 0.0671875 0.0527778 0.240399 0.0143487 0.98635 0.232545 0.0172667 0.983054 0.225501 0.0188166 0.871593 0 0 0.205527
0 0.86875 0.666667 0.040625 0.194444 0.875495 0.65962 0.998483 0.874694 0.615354 0.99906 0.871974 0.584096 0.996284 0.873149 0.756874 0.897664
0 0.949219 0.805556 0.0984375 0.0777778 0.94701 0.801047 0.997693 0.923591 0.793112 0.994349 0.905454 0.787546 0.912619 0.977497 0.818256 0.7097
0 0.947656 0.802778 0.0953125 0.0777778 0.942492 0.797279 0.998106 0.92524 0.789931 0.995503 0.911154 0.783565 0.910771 0.961137 0.821027 0.79641
0 0.86875 0.665278 0.0375 0.186111 0.876079 0.653579 0.999057 0.876655 0.607405 0.999648 0.874689 0.579899 0.99864 0.873291 0.743856 0.895324
0 0.739844 0.752778 0.157813 0.0944444 0.733107 0.736986 0.999243 0.697215 0.738907 0.999281 0.674503 0.741652 0.997397 0.814245 0.750498 0.989595
0 0.947656 0.806944 0.101562 0.0861111 0.947062 0.803628 0.989847 0.923225 0.793255 0.984104 0.903692 0.785664 0.898339 0.972531 0.826999 0.72775
0 0.948438 0.8125 0.103125 0.0861111 0.952768 0.80481 0.983447 0.928322 0.796432 0.975621 0.909983 0.78555 0.891222 0.980052 0.822776 0.624456
0 0.028125 0.0902778 0.05 0.152778 0.0292938 0.0811373 0.994703 0.0271147 0.112399 0.9928 0.0244566 0.135962 0.949718 0.0384515 0.035792 0.952449
0 0.417969 0.948611 0.0828125 0.0972222 0.41582 0.948582 0.996773 0.400162 0.939944 0.995074 0.388181 0.928087 0.953999 0.439792 0.968504 0.726651
0 0.59375 0.8375 0.075 0.0916667 0.597551 0.832354 0.999611 0.612305 0.844012 0.999326 0.623383 0.853377 0.993002 0.562319 0.811839 0.998713
0 0.7375 0.747222 0.1625 0.105556 0.733803 0.735501 0.999624 0.696793 0.733531 0.99951 0.66976 0.735242 0.995393 0.807474 0.751532 0.990805
0 0.0273438 0.0986111 0.0515625 0.152778 0.0277178 0.0997971 0.995696 0.0242023 0.12648 0.993345 0.0212841 0.138855 0.947809 0.0370867 0.0512818 0.856569
0 0.945312 0.808333 0.090625 0.0666667 0.944766 0.803912 0.981247 0.924845 0.797382 0.977 0.909927 0.792372 0.933331 0.976672 0.815322 0.847959
0 0.0304688 0.0902778 0.0515625 0.141667 0.0273572 0.098591 0.948818 0.0240704 0.122602 0.963573 0.0221313 0.136491 0.94 0.0363713 0.0501376 0.693272
0 0.028125 0.890278 0.05625 0.197222 0.0249068 0.883981 0.976699 0.0288023 0.900501 0.931041 0 0 0.46994 0 0 0.183299
0 0.592969 0.4125 0.0859375 0.280556 0.601336 0.374988 0.999732 0.608528 0.318572 0.998311 0.614348 0.275962 0.946789 0.572669 0.53935 0.998708
0 0.592188 0.8375 0.06875 0.0861111 0.597569 0.8288 0.999564 0.612954 0.840307 0.999373 0.623617 0.849257 0.994829 0.56102 0.809187 0.998228
0 0.596875 0.393056 0.0875 0.319444 0.602211 0.37391 0.999521 0.604871 0.311489 0.998383 0.604856 0.261919 0.960644 0.579432 0.544387 0.992925
0 0.421094 0.947222 0.0796875 0.0888889 0.421764 0.941355 0.995426 0.402728 0.927893 0.991848 0.386424 0.914162 0.909834 0 0 0.496185
0 0.59375 0.372222 0.0875 0.361111 0.602154 0.353348 0.999968 0.609623 0.299804 0.999804 0.6129 0.268067 0.986945 0.582256 0.521378 0.997448
0 0.235156 0.0263889 0.0671875 0.0527778 0.240399 0.0143487 0.98635 0.232545 0.0172667 0.983054 0.225501 0.0188166 0.871593 0 0 0.205527
0 0.86875 0.666667 0.040625 0.194444 0.875495 0.65962 0.998483 0.874694 0.615354 0.99906 0.871974 0.584096 0.996284 0.873149 0.756874 0.897664
0 0.949219 0.805556 0.0984375 0.0777778 0.94701 0.801047 0.997693 0.923591 0.793112 0.994349 0.905454 0.787546 0.912619 0.977497 0.818256 0.7097
0 0.739844 0.752778 0.157813 0.0944444 0.733107 0.736986 0.999243 0.697215 0.738907 0.999281 0.674503 0.741652 0.997397 0.814245 0.750498 0.989595
0 0.028125 0.0902778 0.05 0.152778 0.0292938 0.0811373 0.994703 0.0271147 0.112399 0.9928 0.0244566 0.135962 0.949718 0.0384515 0.035792 0.952449
0 0.417969 0.948611 0.0828125 0.0972222 0.41582 0.948582 0.996773 0.400162 0.939944 0.995074 0.388181 0.928087 0.953999 0.439792 0.968504 0.726651
0 0.59375 0.8375 0.075 0.0916667 0.597551 0.832354 0.999611 0.612305 0.844012 0.999326 0.623383 0.853377 0.993002 0.562319 0.811839 0.998713
0 0.028125 0.890278 0.05625 0.197222 0.0249068 0.883981 0.976699 0.0288023 0.900501 0.931041 0 0 0.46994 0 0 0.183299
0 0.592969 0.4125 0.0859375 0.280556 0.601336 0.374988 0.999732 0.608528 0.318572 0.998311 0.614348 0.275962 0.946789 0.572669 0.53935 0.998708
0 0.235156 0.0263889 0.0671875 0.0527778 0.240399 0.0143487 0.98635 0.232545 0.0172667 0.983054 0.225501 0.0188166 0.871593 0 0 0.205527
