0 0.535156 0.666667 0.107813 0.2 0.534736 0.653277 0.999941 0.515874 0.616035 0.999783 0.497569 0.583327 0.994227 0.57725 0.755271 0.999817
0 0.785937 0.1875 0.06875 0.158333 0.786328 0.191928 0.999717 0.772913 0.224321 0.99981 0.76335 0.243888 0.998957 0.815123 0.116855 0.997179
0 0.0382813 0.143056 0.0703125 0.102778 0.0435883 0.13979 0.999572 0.0514195 0.143205 0.999415 0.0553943 0.14607 0.993934 0.0351744 0.142638 0.981012
0 0.567187 0.234722 0.11875 0.152778 0.586354 0.217078 0.999815 0.611246 0.194075 0.999634 0.630143 0.179062 0.99493 0.513392 0.301011 0.997515
0 0.535156 0.666667 0.107813 0.2 0.534736 0.653277 0.999941 0.515874 0.616035 0.999783 0.497569 0.583327 0.994227 0.57725 0.755271 0.999817
0 0.785937 0.1875 0.06875 0.158333 0.786328 0.191928 0.999717 0.772913 0.224321 0.99981 0.76335 0.243888 0.998957 0.815123 0.116855 0.997179
0 0.0382813 0.143056 0.0703125 0.102778 0.0435883 0.13979 0.999572 0.0514195 0.143205 0.999415 0.0553943 0.14607 0.993934 0.0351744 0.142638 0.981012
0 0.567187 0.234722 0.11875 0.152778 0.586354 0.217078 0.999815 0.611246 0.194075 0.999634 0.630143 0.179062 0.99493 0.513392 0.301011 0.997515
0 0.535156 0.666667 0.107813 0.2 0.534736 0.653277 0.999941 0.515874 0.616035 0.999783 0.497569 0.583327 0.994227 0.57725 0.755271 0.999817
0 0.785937 0.1875 0.06875 0.158333 0.786328 0.191928 0.999717 0.772913 0.224321 0.99981 0.76335 0.243888 0.998957 0.815123 0.116855 0.997179
0 0.0382813 0.143056 0.0703125 0.102778 0.0435883 0.13979 0.999572 0.0514195 0.143205 0.999415 0.0553943 0.14607 0.993934 0.0351744 0.142638 0.981012
0 0.567187 0.234722 0.11875 0.152778 0.586354 0.217078 0.999815 0.611246 0.194075 0.999634 0.630143 0.179062 0.99493 0.513392 0.301011 0.997515
0 0.401563 0.527778 0.046875 0.15 0.404129 0.535359 0.999309 0.412114 0.566119 0.999189 0.417096 0.586938 0.99376 0.388722 0.461146 0.996614
0 0.216406 0.458333 0.0453125 0.0777778 0.219535 0.451737 0.999686 0.217535 0.444662 0.999832 0.213989 0.441901 0.999148 0.219214 0.475386 0.987111
0 0.967969 0.951389 0.0640625 0.0972222 0.990059 0.9497 0.832205 0.989214 0.939988 0.550583 0 0 0.113707 0 0 0.291107
0 0.167969 0.216667 0.0421875 0.161111 0.175139 0.230024 0.999861 0.173044 0.215421 0.999851 0.169467 0.204867 0.998617 0.17244 0.270441 0.997393
0 0.657031 0.173611 0.0671875 0.136111 0.658925 0.152421 0.997441 0.667822 0.139226 0.998042 0.673185 0.134163 0.980074 0 0 0.144227
0 0.015625 0.833333 0.03125 0.0944444 0.0134625 0.827571 0.800019 0.0146013 0.823268 0.897624 0.015972 0.823166 0.89625 0.020097 0.839634 0.699632
0 0.208594 0.333333 0.0640625 0.0944444 0.207386 0.331357 0.998861 0.218811 0.311353 0.998308 0.226296 0.301753 0.986271 0.189357 0.397136 0.977352
0 0.220313 0.865278 0.08125 0.0638889 0.220472 0.864385 0.999819 0.238494 0.857574 0.999818 0.251614 0.856656 0.998871 0.182807 0.881485 0.994199
0 0.323438 0.798611 0.1 0.158333 0.317551 0.800179 0.99976 0.308599 0.815032 0.999925 0.302775 0.824406 0.999536 0.324329 0.773239 0.878283
0 0.535156 0.666667 0.107813 0.2 0.534736 0.653277 0.999941 0.515874 0.616035 0.999783 0.497569 0.583327 0.994227 0.57725 0.755271 0.999817
0 0.785937 0.1875 0.06875 0.158333 0.786328 0.191928 0.999717 0.772913 0.224321 0.99981 0.76335 0.243888 0.998957 0.815123 0.116855 0.997179
0 0.783594 0.188889 0.0734375 0.166667 0.784484 0.195883 0.999884 0.770785 0.230643 0.999909 0.760458 0.251374 0.999142 0.8147 0.11501 0.998624
0 0.782031 0.194444 0.0765625 0.177778 0.783815 0.199154 0.999858 0.769149 0.234382 0.999906 0.758881 0.255588 0.999216 0.814176 0.115137 0.997167
0 0.0382813 0.143056 0.0703125 0.102778 0.0435883 0.13979 0.999572 0.0514195 0.143205 0.999415 0.0553943 0.14607 0.993934 0.0351744 0.142638 0.981012
0 0.0390625 0.148611 0.06875 0.102778 0.042248 0.143491 0.999251 0.0507501 0.146938 0.999083 0.0556984 0.149811 0.992361 0.0321082 0.146482 0.970569
0 0.567187 0.234722 0.11875 0.152778 0.586354 0.217078 0.999815 0.611246 0.194075 0.999634 0.630143 0.179062 0.99493 0.513392 0.301011 0.997515
0 0.401563 0.527778 0.046875 0.15 0.404129 0.535359 0.999309 0.412114 0.566119 0.999189 0.417096 0.586938 0.99376 0.388722 0.461146 0.996614
0 0.403125 0.531944 0.046875 0.152778 0.404935 0.536074 0.999652 0.413229 0.565805 0.999531 0.417838 0.586852 0.995329 0.387593 0.467319 0.998132
0 0.573438 0.225 0.11875 0.15 0.594683 0.210472 0.999811 0.617757 0.187961 0.999817 0.632838 0.176327 0.997885 0.511551 0.307415 0.993491
0 0.0375 0.1375 0.071875 0.125 0.0404473 0.136425 0.998379 0.050371 0.143649 0.997289 0.0567532 0.150202 0.971861 0.0323048 0.133597 0.975988
0 0.216406 0.458333 0.0453125 0.0777778 0.219535 0.451737 0.999686 0.217535 0.444662 0.999832 0.213989 0.441901 0.999148 0.219214 0.475386 0.987111
0 0.967969 0.951389 0.0640625 0.0972222 0.990059 0.9497 0.832205 0.989214 0.939988 0.550583 0 0 0.113707 0 0 0.291107
0 0.167969 0.216667 0.0421875 0.161111 0.175139 0.230024 0.999861 0.173044 0.215421 0.999851 0.169467 0.204867 0.998617 0.17244 0.270441 0.997393
0 0.167187 0.208333 0.040625 0.15 0.173175 0.222636 0.999678 0.173298 0.219691 0.999608 0.172512 0.219878 0.997375 0.167057 0.221873 0.997794
0 0.167969 0.226389 0.0453125 0.158333 0.17425 0.234711 0.999876 0.172799 0.212409 0.999873 0.171017 0.197239 0.998766 0.172509 0.296441 0.995543
0 0.657031 0.173611 0.0671875 0.136111 0.658925 0.152421 0.997441 0.667822 0.139226 0.998042 0.673185 0.134163 0.980074 0 0 0.144227
0 0.657031 0.166667 0.0703125 0.127778 0.658159 0.151589 0.997144 0.665825 0.140851 0.998756 0.671198 0.136746 0.990535 0 0 0.152503
0 0.174219 0.308333 0.0359375 0.0944444 0.182643 0.273439 0.999747 0.185656 0.248673 0.999725 0.187248 0.231792 0.997494 0.176848 0.345559 0.987384
0 0.404687 0.536111 0.05 0.155556 0.404666 0.540652 0.999542 0.413643 0.56902 0.999365 0.418802 0.588703 0.993886 0.388292 0.472315 0.995539
0 0.567969 0.240278 0.123438 0.163889 0.580507 0.223625 0.999371 0.603766 0.199475 0.998381 0.621932 0.18031 0.979232 0.513396 0.29791 0.996229
0 0.167187 0.223611 0.05 0.158333 0.173815 0.243229 0.999718 0.169972 0.220102 0.999831 0.165102 0.203287 0.999029 0.172926 0.298395 0.989938
0 0.967969 0.95 0.0640625 0.1 0.98937 0.954324 0.735184 0 0 0.471928 0 0 0.13946 0 0 0.295364
0 0.657031 0.180556 0.0671875 0.155556 0.656866 0.149308 0.998198 0.666383 0.141066 0.998908 0.674665 0.133368 0.991458 0 0 0.444338
0 0.015625 0.833333 0.03125 0.0944444 0.0134625 0.827571 0.800019 0.0146013 0.823268 0.897624 0.015972 0.823166 0.89625 0.020097 0.839634 0.699632
0 0.167969 0.243056 0.0515625 0.169444 0.173193 0.251746 0.99948 0.171916 0.225171 0.99966 0.169823 0.204746 0.998237 0.174907 0.318502 0.977066
0 0.208594 0.333333 0.0640625 0.0944444 0.207386 0.331357 0.998861 0.218811 0.311353 0.998308 0.226296 0.301753 0.986271 0.189357 0.397136 0.977352
0 0.214062 0.448611 0.05 0.0916667 0.218541 0.450303 0.995781 0.220272 0.436681 0.996985 0.220307 0.426794 0.992257 0.209123 0.484518 0.893401
0 0.0148437 0.840278 0.0296875 0.108333 0.0141963 0.831586 0.8077 0.0147811 0.824601 0.888895 0.0154997 0.822099 0.880892 0.0181427 0.844893 0.674916
0 0.788281 0.183333 0.0640625 0.155556 0.786909 0.182951 0.999479 0.776583 0.214808 0.999608 0.769886 0.237309 0.998345 0.814484 0.110997 0.996545
0 0.967188 0.944444 0.065625 0.111111 0.991949 0.948455 0.966207 0.986484 0.941667 0.926239 0 0 0.440685 0 0 0.1021
0 0.220313 0.865278 0.08125 0.0638889 0.220472 0.864385 0.999819 0.238494 0.857574 0.999818 0.251614 0.856656 0.998871 0.182807 0.881485 0.994199
0 0.184375 0.326389 0.040625 0.0916667 0.200169 0.313572 0.999142 0.211608 0.301293 0.999051 0.218862 0.292284 0.993249 0.178036 0.35826 0.967214
0 0.403906 0.527778 0.0421875 0.138889 0.405072 0.537192 0.997581 0.41147 0.5689 0.997596 0.414766 0.590383 0.990562 0.387433 0.461156 0.964947
0 0.778906 0.186111 0.0734375 0.161111 0.780995 0.196134 0.994424 0.764104 0.229037 0.993206 0.753995 0.251007 0.976496 0.818247 0.118073 0.945213
0 0.167187 0.204167 0.0375 0.147222 0.16973 0.200948 0.998613 0.172672 0.215368 0.998247 0.17441 0.22774 0.990183 0.159864 0.162809 0.992734
0 0.0398437 0.143056 0.0671875 0.0972222 0.0440962 0.147893 0.995835 0.0552066 0.141795 0.996283 0.0629483 0.136977 0.987812 0.0255578 0.166805 0.920305
0 0.571875 0.230556 0.128125 0.15 0.59435 0.214088 0.999591 0.620679 0.198153 0.999526 0.64104 0.185704 0.995741 0.51834 0.296915 0.991371
0 0.219531 0.869444 0.0796875 0.0666667 0.221912 0.864996 0.999388 0.235051 0.862517 0.999314 0.245486 0.860615 0.994458 0.186154 0.881105 0.985122
0 0.784375 0.184722 0.059375 0.152778 0.782718 0.19115 0.995395 0.768252 0.22486 0.995441 0.758359 0.245369 0.982434 0.813509 0.108226 0.951318
0 0.015625 0.830556 0.03125 0.111111 0.0118743 0.841094 0.658296 0.0136181 0.834155 0.752477 0.0179668 0.82883 0.814973 0.0169871 0.847951 0.52615
0 0.1625 0.219444 0.046875 0.144444 0.165853 0.241519 0.999033 0.167209 0.223567 0.999214 0.167497 0.20853 0.997159 0.156927 0.274101 0.961318
0 0.0140625 0.856944 0.028125 0.147222 0.0124216 0.841429 0.745476 0.013052 0.831622 0.753879 0.0136872 0.824119 0.684613 0.0171706 0.852123 0.744812
0 0.779688 0.179167 0.084375 0.169444 0.784594 0.196991 0.992169 0.768496 0.229455 0.989518 0.755905 0.249421 0.963362 0.815509 0.115157 0.954786
0 0.964063 0.95 0.071875 0.1 0 0 0.246892 0 0 0.233519 0 0 0.239946 0 0 0.2427
0 0.209375 0.336111 0.065625 0.1 0.207335 0.334673 0.999019 0.216377 0.314467 0.998558 0.225545 0.300091 0.989825 0.189043 0.400875 0.98201
0 0.207813 0.333333 0.065625 0.1 0.202798 0.330394 0.9994 0.214511 0.314941 0.999482 0.224034 0.304353 0.99628 0.182821 0.387993 0.958081
0 0.196094 0.331944 0.0484375 0.0972222 0.203868 0.327618 0.999532 0.216895 0.306752 0.999633 0.224906 0.301918 0.997415 0.189497 0.39492 0.944904
0 0.323438 0.798611 0.1 0.158333 0.317551 0.800179 0.99976 0.308599 0.815032 0.999925 0.302775 0.824406 0.999536 0.324329 0.773239 0.878283
0 0.65625 0.159722 0.065625 0.119444 0.663295 0.145498 0.996085 0.670088 0.13797 0.997877 0.672449 0.134944 0.985266 0 0 0.247074
0 0.535156 0.666667 0.107813 0.2 0.534736 0.653277 0.999941 0.515874 0.616035 0.999783 0.497569 0.583327 0.994227 0.57725 0.755271 0.999817
0 0.785937 0.1875 0.06875 0.158333 0.786328 0.191928 0.999717 0.772913 0.224321 0.99981 0.76335 0.243888 0.998957 0.815123 0.116855 0.997179
0 0.0382813 0.143056 0.0703125 0.102778 0.0435883 0.13979 0.999572 0.0514195 0.143205 0.999415 0.0553943 0.14607 0.993934 0.0351744 0.142638 0.981012
0 0.567187 0.234722 0.11875 0.152778 0.586354 0.217078 0.999815 0.611246 0.194075 0.999634 0.630143 0.179062 0.99493 0.513392 0.301011 0.997515
0 0.401563 0.527778 0.046875 0.15 0.404129 0.535359 0.999309 0.412114 0.566119 0.999189 0.417096 0.586938 0.99376 0.388722 0.461146 0.996614
0 0.216406 0.458333 0.0453125 0.0777778 0.219535 0.451737 0.999686 0.217535 0.444662 0.999832 0.213989 0.441901 0.999148 0.219214 0.475386 0.987111
0 0.967969 0.951389 0.0640625 0.0972222 0.990059 0.9497 0.832205 0.989214 0.939988 0.550583 0 0 0.113707 0 0 0.291107
0 0.167969 0.216667 0.0421875 0.161111 0.175139 0.230024 0.999861 0.173044 0.215421 0.999851 0.169467 0.204867 0.998617 0.17244 0.270441 0.997393
0 0.015625 0.833333 0.03125 0.0944444 0.0134625 0.827571 0.800019 0.0146013 0.823268 0.897624 0.015972 0.823166 0.89625 0.020097 0.839634 0.699632
0 0.220313 0.865278 0.08125 0.0638889 0.220472 0.864385 0.999819 0.238494 0.857574 0.999818 0.251614 0.856656 0.998871 0.182807 0.881485 0.994199
0 0.323438 0.798611 0.1 0.158333 0.317551 0.800179 0.99976 0.308599 0.815032 0.999925 0.302775 0.824406 0.999536 0.324329 0.773239 0.878283
