0 0.0875 0.594444 0.159375 0.272222 0.0842638 0.580345 0.999898 0.0594074 0.543178 0.998364 0.0423502 0.50916 0.861798 0.151701 0.708978 0.999465
0 0.232812 0.141667 0.04375 0.144444 0.23408 0.151969 0.999919 0.240354 0.183143 0.999929 0.245437 0.207336 0.999262 0.22545 0.0812277 0.99524
0 0.603906 0.418056 0.0703125 0.147222 0.603429 0.414275 0.99975 0.591477 0.438329 0.99986 0.582102 0.456276 0.999401 0.633675 0.362213 0.997728
0 0.0875 0.594444 0.159375 0.272222 0.0842638 0.580345 0.999898 0.0594074 0.543178 0.998364 0.0423502 0.50916 0.861798 0.151701 0.708978 0.999465
0 0.232812 0.141667 0.04375 0.144444 0.23408 0.151969 0.999919 0.240354 0.183143 0.999929 0.245437 0.207336 0.999262 0.22545 0.0812277 0.99524
0 0.603906 0.418056 0.0703125 0.147222 0.603429 0.414275 0.99975 0.591477 0.438329 0.99986 0.582102 0.456276 0.999401 0.633675 0.362213 0.997728
0 0.0875 0.594444 0.159375 0.272222 0.0842638 0.580345 0.999898 0.0594074 0.543178 0.998364 0.0423502 0.50916 0.861798 0.151701 0.708978 0.999465
0 0.232812 0.141667 0.04375 0.144444 0.23408 0.151969 0.999919 0.240354 0.183143 0.999929 0.245437 0.207336 0.999262 0.22545 0.0812277 0.99524
0 0.603906 0.418056 0.0703125 0.147222 0.603429 0.414275 0.99975 0.591477 0.438329 0.99986 0.582102 0.456276 0.999401 0.633675 0.362213 0.997728
0 0.969531 0.556944 0.0609375 0.102778 0.988134 0.552035 0.781248 0 0 0.281175 0 0 0.0577088 0.955142 0.51279 0.967084
0 0.582812 0.0402778 0.065625 0.0805556 0.580592 0.023152 0.997781 0.57839 0.0272993 0.997571 0.575303 0.034144 0.979081 0.57819 0.0499075 0.859704
0 0.788281 0.483333 0.0609375 0.0722222 0.79011 0.478898 0.997495 0.778979 0.472628 0.997916 0.769241 0.470356 0.984038 0.804247 0.498739 0.511863
0 0.272656 0.229167 0.0421875 0.147222 0.261299 0.205673 0.99992 0.265044 0.219983 0.999964 0.269693 0.230131 0.999745 0.263029 0.165434 0.98139
0 0.602344 0.675 0.0765625 0.244444 0.612485 0.654497 0.999931 0.620728 0.602944 0.999966 0.625454 0.567872 0.999726 0.579776 0.777724 0.989254
0 0.0875 0.594444 0.159375 0.272222 0.0842638 0.580345 0.999898 0.0594074 0.543178 0.998364 0.0423502 0.50916 0.861798 0.151701 0.708978 0.999465
0 0.232812 0.141667 0.04375 0.144444 0.23408 0.151969 0.999919 0.240354 0.183143 0.999929 0.245437 0.207336 0.999262 0.22545 0.0812277 0.99524
0 0.230469 0.143056 0.0421875 0.141667 0.233208 0.14472 0.999474 0.238549 0.173022 0.999583 0.242928 0.195865 0.997738 0.223742 0.0821727 0.995274
0 0.603906 0.418056 0.0703125 0.147222 0.603429 0.414275 0.99975 0.591477 0.438329 0.99986 0.582102 0.456276 0.999401 0.633675 0.362213 0.997728
0 0.0945313 0.615278 0.145313 0.236111 0.0913791 0.591077 0.999723 0.0664791 0.555976 0.99654 0.047234 0.52423 0.816295 0.148561 0.704899 0.999574
0 0.604688 0.413889 0.071875 0.133333 0.604892 0.410042 0.999325 0.594073 0.434487 0.999493 0.585183 0.453265 0.997803 0.632326 0.359684 0.996674
0 0.969531 0.556944 0.0609375 0.102778 0.988134 0.552035 0.781248 0 0 0.281175 0 0 0.0577088 0.955142 0.51279 0.967084
0 0.969531 0.55 0.0609375 0.0888889 0.983667 0.550037 0.862762 0 0 0.480684 0 0 0.112278 0.94853 0.51686 0.968983
0 0.582812 0.0402778 0.065625 0.0805556 0.580592 0.023152 0.997781 0.57839 0.0272993 0.997571 0.575303 0.034144 0.979081 0.57819 0.0499075 0.859704
0 0.601562 0.423611 0.071875 0.147222 0.600294 0.416641 0.999559 0.586776 0.442113 0.999863 0.578791 0.462715 0.999569 0.628823 0.355629 0.987768
0 0.971094 0.552778 0.0578125 0.0944444 0.984737 0.554053 0.92022 0.989135 0.5752 0.670753 0 0 0.263993 0.955796 0.515357 0.964459
0 0.60625 0.415278 0.065625 0.147222 0.606846 0.409155 0.999439 0.597937 0.42916 0.999547 0.591751 0.442679 0.998428 0.634368 0.364268 0.997543
0 0.788281 0.483333 0.0609375 0.0722222 0.79011 0.478898 0.997495 0.778979 0.472628 0.997916 0.769241 0.470356 0.984038 0.804247 0.498739 0.511863
0 0.0546875 0.534722 0.103125 0.175 0.0538728 0.528419 0.999821 0.0282856 0.488546 0.998784 0.0102105 0.455143 0.933575 0.115945 0.646665 0.97613
0 0.0484375 0.520833 0.09375 0.147222 0.05003 0.521696 0.999833 0.0272478 0.487698 0.999037 0.010269 0.463915 0.94678 0.103586 0.625139 0.940442
0 0.960156 0.538889 0.0765625 0.0722222 0.971691 0.543066 0.984289 0.976789 0.557272 0.929078 0.978321 0.562472 0.538101 0.941918 0.520374 0.965399
0 0.102344 0.626389 0.129688 0.208333 0.096232 0.601558 0.999618 0.0714262 0.566921 0.997659 0.0507714 0.535843 0.932109 0.145831 0.702013 0.998969
0 0.607031 0.405556 0.0671875 0.122222 0.603769 0.410736 0.994664 0.587176 0.437618 0.993849 0.573047 0.455926 0.978612 0.636539 0.345759 0.965781
0 0.107031 0.626389 0.117188 0.213889 0.0956061 0.595179 0.999747 0.0717549 0.565035 0.997009 0.0518804 0.536613 0.843463 0.14809 0.706191 0.999605
0 0.971094 0.563889 0.0578125 0.116667 0.991434 0.55149 0.779687 0 0 0.282096 0 0 0.0604686 0.952107 0.510282 0.962691
0 0.233594 0.147222 0.0484375 0.161111 0.237845 0.162722 0.998392 0.247332 0.198065 0.998756 0.253589 0.221435 0.995215 0.214294 0.0820184 0.953591
0 0.274219 0.233333 0.0484375 0.144444 0.268087 0.222208 0.999493 0.271352 0.230505 0.999782 0.274054 0.23985 0.998883 0.270795 0.207696 0.923629
0 0.964063 0.544444 0.06875 0.0777778 0.982158 0.544945 0.673316 0.982533 0.547969 0.580345 0 0 0.497654 0.953729 0.523597 0.839538
0 0.5875 0.0375 0.078125 0.075 0.582494 0.0247038 0.998068 0.576257 0.0329052 0.997003 0.573141 0.0391086 0.974524 0.589616 0.0390304 0.919728
0 0.0453125 0.515278 0.0875 0.141667 0.0462974 0.511705 0.999153 0.0249466 0.484916 0.9953 0.00911343 0.465459 0.790779 0.0892758 0.601686 0.654296
0 0.608594 0.406944 0.0640625 0.130556 0.607553 0.40503 0.998289 0.598095 0.42497 0.997957 0.5916 0.438897 0.992896 0.632889 0.361787 0.996144
0 0.580469 0.0430556 0.0640625 0.0861111 0.580689 0.0262768 0.992912 0.580927 0.0268239 0.992888 0.578628 0.0302008 0.963709 0.568823 0.0599302 0.749587
0 0.784375 0.481944 0.05625 0.0694444 0.786871 0.480032 0.985979 0.777245 0.477064 0.991672 0.76859 0.474961 0.981932 0.796455 0.494827 0.734725
0 0.272656 0.229167 0.0421875 0.147222 0.261299 0.205673 0.99992 0.265044 0.219983 0.999964 0.269693 0.230131 0.999745 0.263029 0.165434 0.98139
0 0.602344 0.675 0.0765625 0.244444 0.612485 0.654497 0.999931 0.620728 0.602944 0.999966 0.625454 0.567872 0.999726 0.579776 0.777724 0.989254
0 0.114844 0.634722 0.0984375 0.191667 0.10357 0.599066 0.999237 0.0851749 0.579682 0.993267 0.0709109 0.557563 0.809044 0.143847 0.694687 0.997704
0 0.7875 0.486111 0.0625 0.0833333 0.789732 0.475006 0.997057 0.779504 0.472002 0.997501 0.769604 0.468464 0.984744 0.805218 0.490812 0.678274
0 0.0875 0.594444 0.159375 0.272222 0.0842638 0.580345 0.999898 0.0594074 0.543178 0.998364 0.0423502 0.50916 0.861798 0.151701 0.708978 0.999465
0 0.232812 0.141667 0.04375 0.144444 0.23408 0.151969 0.999919 0.240354 0.183143 0.999929 0.245437 0.207336 0.999262 0.22545 0.0812277 0.99524
0 0.603906 0.418056 0.0703125 0.147222 0.603429 0.414275 0.99975 0.591477 0.438329 0.99986 0.582102 0.456276 0.999401 0.633675 0.362213 0.997728
0 0.969531 0.556944 0.0609375 0.102778 0.988134 0.552035 0.781248 0 0 0.281175 0 0 0.0577088 0.955142 0.51279 0.967084
0 0.582812 0.0402778 0.065625 0.0805556 0.580592 0.023152 0.997781 0.57839 0.0272993 0.997571 0.575303 0.034144 0.979081 0.57819 0.0499075 0.859704
0 0.788281 0.483333 0.0609375 0.0722222 0.79011 0.478898 0.997495 0.778979 0.472628 0.997916 0.769241 0.470356 0.984038 0.804247 0.498739 0.511863
0 0.602344 0.675 0.0765625 0.244444 0.612485 0.654497 0.999931 0.620728 0.602944 0.999966 0.625454 0.567872 0.999726 0.579776 0.777724 0.989254
