0 0.501562 0.148611 0.11875 0.136111 0.505516 0.137953 0.999745 0.529399 0.121072 0.999688 0.548837 0.109535 0.99744 0.449394 0.187409 0.995118
0 0.634375 0.133333 0.046875 0.133333 0.634231 0.123613 0.998626 0.628225 0.159147 0.999664 0.622982 0.184051 0.998947 0.645769 0.0618379 0.888793
0 0.107813 0.0861111 0.05 0.172222 0.103984 0.0776496 0.999062 0.113988 0.118179 0.999694 0.120326 0.153368 0.998536 0.0902315 0 0.645573
0 0.501562 0.148611 0.11875 0.136111 0.505516 0.137953 0.999745 0.529399 0.121072 0.999688 0.548837 0.109535 0.99744 0.449394 0.187409 0.995118
0 0.634375 0.133333 0.046875 0.133333 0.634231 0.123613 0.998626 0.628225 0.159147 0.999664 0.622982 0.184051 0.998947 0.645769 0.0618379 0.888793
0 0.107813 0.0861111 0.05 0.172222 0.103984 0.0776496 0.999062 0.113988 0.118179 0.999694 0.120326 0.153368 0.998536 0.0902315 0 0.645573
0 0.501562 0.148611 0.11875 0.136111 0.505516 0.137953 0.999745 0.529399 0.121072 0.999688 0.548837 0.109535 0.99744 0.449394 0.187409 0.995118
0 0.634375 0.133333 0.046875 0.133333 0.634231 0.123613 0.998626 0.628225 0.159147 0.999664 0.622982 0.184051 0.998947 0.645769 0.0618379 0.888793
0 0.107813 0.0861111 0.05 0.172222 0.103984 0.0776496 0.999062 0.113988 0.118179 0.999694 0.120326 0.153368 0.998536 0.0902315 0 0.645573
0 0.0882813 0.934722 0.0453125 0.119444 0.0849653 0.924922 0.99697 0.0899406 0.948539 0.996287 0.0914587 0.966388 0.970463 0.0736783 0.886034 0.963527
0 0.0484375 0.273611 0.059375 0.180556 0.0450397 0.246446 0.999591 0.0409598 0.2755 0.999563 0.0400365 0.299368 0.994715 0.0586401 0.236531 0.94539
0 0.0382813 0.736111 0.0578125 0.177778 0.0381412 0.716933 0.993466 0.0312413 0.698552 0.963319 0.0249788 0.682036 0.653892 0.0532074 0.804732 0.998732
0 0.345313 0.230556 0.0625 0.0444444 0.343927 0.226483 0.999083 0.352078 0.225199 0.999217 0.357565 0.226866 0.996203 0.325657 0.243633 0.980852
0 0.248437 0.663889 0.034375 0.111111 0.252125 0.680539 0.979261 0.255456 0.704539 0.932034 0.257346 0.713643 0.712576 0.240607 0.616453 0.998406
0 0.733594 0.395833 0.0734375 0.363889 0.738216 0.393461 0.999815 0.741486 0.475019 0.999549 0.74476 0.540483 0.985801 0.728285 0.221563 0.994741
0 0.175781 0.136111 0.0359375 0.166667 0.176736 0.122177 0.999128 0.173659 0.129769 0.999003 0.172215 0.136472 0.993165 0.176929 0.146285 0.99393
0 0.501562 0.148611 0.11875 0.136111 0.505516 0.137953 0.999745 0.529399 0.121072 0.999688 0.548837 0.109535 0.99744 0.449394 0.187409 0.995118
0 0.634375 0.133333 0.046875 0.133333 0.634231 0.123613 0.998626 0.628225 0.159147 0.999664 0.622982 0.184051 0.998947 0.645769 0.0618379 0.888793
0 0.107813 0.0861111 0.05 0.172222 0.103984 0.0776496 0.999062 0.113988 0.118179 0.999694 0.120326 0.153368 0.998536 0.0902315 0 0.645573
0 0.108594 0.0902778 0.0515625 0.180556 0.10249 0.0775685 0.999616 0.114633 0.120795 0.999769 0.122441 0.152303 0.997735 0.0859512 0 0.847873
0 0.0882813 0.934722 0.0453125 0.119444 0.0849653 0.924922 0.99697 0.0899406 0.948539 0.996287 0.0914587 0.966388 0.970463 0.0736783 0.886034 0.963527
0 0.0867188 0.934722 0.0453125 0.119444 0.084832 0.928316 0.994501 0.0904632 0.955717 0.988818 0.0939884 0.972923 0.895019 0.0762269 0.885543 0.933587
0 0.0484375 0.273611 0.059375 0.180556 0.0450397 0.246446 0.999591 0.0409598 0.2755 0.999563 0.0400365 0.299368 0.994715 0.0586401 0.236531 0.94539
0 0.0382813 0.736111 0.0578125 0.177778 0.0381412 0.716933 0.993466 0.0312413 0.698552 0.963319 0.0249788 0.682036 0.653892 0.0532074 0.804732 0.998732
0 0.345313 0.230556 0.0625 0.0444444 0.343927 0.226483 0.999083 0.352078 0.225199 0.999217 0.357565 0.226866 0.996203 0.325657 0.243633 0.980852
0 0.0351562 0.723611 0.0640625 0.208333 0.0332283 0.699854 0.993609 0.0275547 0.687913 0.964628 0.0252411 0.682649 0.692631 0.0518157 0.779514 0.996419
0 0.342187 0.230556 0.065625 0.0444444 0.342282 0.228861 0.999443 0.353001 0.224911 0.99953 0.360261 0.225652 0.997331 0.315975 0.24987 0.986176
0 0.0375 0.727778 0.0625 0.194444 0.0369652 0.712589 0.995246 0.0297017 0.695642 0.96847 0.0235741 0.682551 0.644504 0.0548914 0.801654 0.998958
0 0.040625 0.747222 0.053125 0.15 0.0403383 0.718738 0.992917 0.0331576 0.703646 0.965792 0.026535 0.684187 0.718467 0.0524143 0.80247 0.997429
0 0.248437 0.663889 0.034375 0.111111 0.252125 0.680539 0.979261 0.255456 0.704539 0.932034 0.257346 0.713643 0.712576 0.240607 0.616453 0.998406
0 0.63125 0.125 0.05 0.138889 0.634709 0.122068 0.988193 0.625596 0.157436 0.990264 0.61769 0.180096 0.979905 0.64892 0.0651241 0.870843
0 0.0320312 0.708333 0.0640625 0.211111 0.0244739 0.653809 0.992672 0.0198103 0.651798 0.957457 0.019034 0.651307 0.54728 0.0462208 0.708675 0.989942
0 0.632812 0.122222 0.046875 0.133333 0.635234 0.1223 0.98139 0.627185 0.15791 0.990167 0.619927 0.179594 0.982693 0.645591 0.0585751 0.837869
0 0.0859375 0.930556 0.046875 0.111111 0.0869621 0.93013 0.977264 0.0905074 0.959328 0.978977 0.0918625 0.979572 0.956528 0.0751394 0.876315 0.936676
0 0.3375 0.230556 0.084375 0.0444444 0.341694 0.229776 0.993635 0.356128 0.228775 0.994868 0.363991 0.229109 0.985693 0.308888 0.240605 0.900528
0 0.733594 0.395833 0.0734375 0.363889 0.738216 0.393461 0.999815 0.741486 0.475019 0.999549 0.74476 0.540483 0.985801 0.728285 0.221563 0.994741
0 0.105469 0.0833333 0.0453125 0.155556 0.10065 0.0815534 0.99536 0.109801 0.123562 0.997695 0.117109 0.148858 0.992258 0.090138 0.0102933 0.662587
0 0.249219 0.680556 0.0359375 0.144444 0.252388 0.681591 0.992161 0.255472 0.708508 0.97868 0.257684 0.721734 0.845385 0.238759 0.616 0.998781
0 0.175781 0.136111 0.0359375 0.166667 0.176736 0.122177 0.999128 0.173659 0.129769 0.999003 0.172215 0.136472 0.993165 0.176929 0.146285 0.99393
0 0.175 0.125 0.034375 0.15 0.177418 0.111699 0.9995 0.174777 0.124448 0.999352 0.173046 0.133949 0.994379 0.176277 0.115103 0.997848
0 0.329688 0.233333 0.1 0.0444444 0.336154 0.230889 0.992315 0.353949 0.226428 0.994353 0.364318 0.22446 0.986009 0.29833 0.245592 0.887919
0 0.249219 0.665278 0.0359375 0.119444 0.251218 0.682628 0.984607 0.254154 0.707864 0.946322 0.256692 0.718321 0.769556 0.241366 0.61519 0.998675
0 0.735937 0.395833 0.0625 0.363889 0.739124 0.405188 0.999541 0.741666 0.482788 0.99944 0.743783 0.549021 0.990836 0.73337 0.233175 0.978354
0 0.0460938 0.266667 0.0671875 0.194444 0.0454552 0.242652 0.999728 0.0425365 0.277121 0.999672 0.0408748 0.306975 0.996425 0.0584618 0.190838 0.99112
0 0.501562 0.148611 0.11875 0.136111 0.505516 0.137953 0.999745 0.529399 0.121072 0.999688 0.548837 0.109535 0.99744 0.449394 0.187409 0.995118
0 0.634375 0.133333 0.046875 0.133333 0.634231 0.123613 0.998626 0.628225 0.159147 0.999664 0.622982 0.184051 0.998947 0.645769 0.0618379 0.888793
0 0.107813 0.0861111 0.05 0.172222 0.103984 0.0776496 0.999062 0.113988 0.118179 0.999694 0.120326 0.153368 0.998536 0.0902315 0 0.645573
0 0.0882813 0.934722 0.0453125 0.119444 0.0849653 0.924922 0.99697 0.0899406 0.948539 0.996287 0.0914587 0.966388 0.970463 0.0736783 0.886034 0.963527
0 0.0484375 0.273611 0.059375 0.180556 0.0450397 0.246446 0.999591 0.0409598 0.2755 0.999563 0.0400365 0.299368 0.994715 0.0586401 0.236531 0.94539
0 0.0382813 0.736111 0.0578125 0.177778 0.0381412 0.716933 0.993466 0.0312413 0.698552 0.963319 0.0249788 0.682036 0.653892 0.0532074 0.804732 0.998732
0 0.345313 0.230556 0.0625 0.0444444 0.343927 0.226483 0.999083 0.352078 0.225199 0.999217 0.357565 0.226866 0.996203 0.325657 0.243633 0.980852
0 0.248437 0.663889 0.034375 0.111111 0.252125 0.680539 0.979261 0.255456 0.704539 0.932034 0.257346 0.713643 0.712576 0.240607 0.616453 0.998406
0 0.733594 0.395833 0.0734375 0.363889 0.738216 0.393461 0.999815 0.741486 0.475019 0.999549 0.74476 0.540483 0.985801 0.728285 0.221563 0.994741
0 0.175781 0.136111 0.0359375 0.166667 0.176736 0.122177 0.999128 0.173659 0.129769 0.999003 0.172215 0.136472 0.993165 0.176929 0.146285 0.99393
