0 0.889844 0.881944 0.104687 0.219444 0.900124 0.87032 0.999488 0.877467 0.924778 0.999227 0.85995 0.965328 0.984459 0.938707 0.7793 0.891853
0 0.0429688 0.818056 0.0484375 0.180556 0.0416768 0.810228 0.999795 0.0500905 0.852732 0.999755 0.0540139 0.881591 0.996817 0.0308384 0.721691 0.994204
0 0.532031 0.509722 0.0484375 0.130556 0.532022 0.51231 0.998903 0.523971 0.538466 0.999255 0.517545 0.556572 0.996752 0.550874 0.446681 0.994121
0 0.889844 0.881944 0.104687 0.219444 0.900124 0.87032 0.999488 0.877467 0.924778 0.999227 0.85995 0.965328 0.984459 0.938707 0.7793 0.891853
0 0.0429688 0.818056 0.0484375 0.180556 0.0416768 0.810228 0.999795 0.0500905 0.852732 0.999755 0.0540139 0.881591 0.996817 0.0308384 0.721691 0.994204
0 0.532031 0.509722 0.0484375 0.130556 0.532022 0.51231 0.998903 0.523971 0.538466 0.999255 0.517545 0.556572 0.996752 0.550874 0.446681 0.994121
0 0.889844 0.881944 0.104687 0.219444 0.900124 0.87032 0.999488 0.877467 0.924778 0.999227 0.85995 0.965328 0.984459 0.938707 0.7793 0.891853
0 0.0429688 0.818056 0.0484375 0.180556 0.0416768 0.810228 0.999795 0.0500905 0.852732 0.999755 0.0540139 0.881591 0.996817 0.0308384 0.721691 0.994204
0 0.532031 0.509722 0.0484375 0.130556 0.532022 0.51231 0.998903 0.523971 0.538466 0.999255 0.517545 0.556572 0.996752 0.550874 0.446681 0.994121
0 0.226562 0.659722 0.0875 0.0805556 0.234068 0.652394 0.992428 0.24168 0.64745 0.984338 0.24895 0.640717 0.926337 0.222511 0.662214 0.981826
0 0.145313 0.927778 0.1 0.0722222 0.145275 0.919526 0.996228 0.12268 0.918089 0.992163 0.104976 0.916589 0.951953 0.189059 0.933663 0.991569
0 0.650781 0.798611 0.120312 0.241667 0.638895 0.763451 0.999886 0.622111 0.723413 0.998813 0.60751 0.692745 0.876638 0.679183 0.892004 0.962046
0 0.889844 0.881944 0.104687 0.219444 0.900124 0.87032 0.999488 0.877467 0.924778 0.999227 0.85995 0.965328 0.984459 0.938707 0.7793 0.891853
0 0.0429688 0.818056 0.0484375 0.180556 0.0416768 0.810228 0.999795 0.0500905 0.852732 0.999755 0.0540139 0.881591 0.996817 0.0308384 0.721691 0.994204
0 0.532031 0.509722 0.0484375 0.130556 0.532022 0.51231 0.998903 0.523971 0.538466 0.999255 0.517545 0.556572 0.996752 0.550874 0.446681 0.994121
0 0.0429688 0.811111 0.0453125 0.172222 0.040197 0.804782 0.998736 0.0470229 0.845618 0.998975 0.0507086 0.879337 0.993696 0.0310115 0.727412 0.985749
0 0.53125 0.518056 0.05 0.147222 0.533176 0.513952 0.999782 0.524157 0.542821 0.999799 0.516341 0.562799 0.998555 0.554414 0.445147 0.998752
0 0.226562 0.659722 0.0875 0.0805556 0.234068 0.652394 0.992428 0.24168 0.64745 0.984338 0.24895 0.640717 0.926337 0.222511 0.662214 0.981826
0 0.145313 0.927778 0.1 0.0722222 0.145275 0.919526 0.996228 0.12268 0.918089 0.992163 0.104976 0.916589 0.951953 0.189059 0.933663 0.991569
0 0.529688 0.525 0.053125 0.161111 0.532324 0.516407 0.999672 0.523934 0.545647 0.999656 0.517026 0.563037 0.997154 0.55135 0.450702 0.99858
0 0.222656 0.6625 0.0921875 0.0861111 0.229036 0.659354 0.998941 0.240529 0.65316 0.99961 0.250899 0.649302 0.998953 0.208917 0.667428 0.967232
0 0.225781 0.656944 0.0859375 0.075 0.234395 0.650598 0.991754 0.240396 0.647221 0.983613 0.244649 0.6422 0.930198 0.230191 0.658135 0.984302
0 0.533594 0.516667 0.0515625 0.138889 0.53125 0.518576 0.995853 0.521847 0.544168 0.995651 0.515467 0.561729 0.986256 0.550066 0.456012 0.958724
0 0.144531 0.929167 0.0890625 0.0638889 0.141649 0.920818 0.984956 0.122451 0.916121 0.984479 0.109933 0.911113 0.959298 0.188874 0.929329 0.882242
0 0.142969 0.930556 0.104687 0.0833333 0.145975 0.91468 0.995229 0.124716 0.910574 0.985425 0.105884 0.905865 0.881305 0.188107 0.938799 0.991352
0 0.15 0.720833 0.0875 0.0805556 0.147086 0.722121 0.99964 0.12495 0.73775 0.999832 0.111264 0.751156 0.999335 0.200168 0.691865 0.991531
0 0.528125 0.534722 0.053125 0.175 0.529841 0.527313 0.999747 0.524519 0.552089 0.99979 0.520846 0.568305 0.998141 0.5455 0.486828 0.996744
0 0.15 0.715278 0.09375 0.0916667 0.152921 0.719581 0.999736 0.128095 0.735574 0.999894 0.113399 0.748469 0.999587 0.210658 0.677389 0.994145
0 0.217969 0.677778 0.101562 0.111111 0.216064 0.668773 0.99944 0.217338 0.668473 0.999791 0.221577 0.664685 0.999461 0.216572 0.667686 0.984365
0 0.650781 0.798611 0.120312 0.241667 0.638895 0.763451 0.999886 0.622111 0.723413 0.998813 0.60751 0.692745 0.876638 0.679183 0.892004 0.962046
0 0.889844 0.881944 0.104687 0.219444 0.900124 0.87032 0.999488 0.877467 0.924778 0.999227 0.85995 0.965328 0.984459 0.938707 0.7793 0.891853
0 0.0429688 0.818056 0.0484375 0.180556 0.0416768 0.810228 0.999795 0.0500905 0.852732 0.999755 0.0540139 0.881591 0.996817 0.0308384 0.721691 0.994204
0 0.532031 0.509722 0.0484375 0.130556 0.532022 0.51231 0.998903 0.523971 0.538466 0.999255 0.517545 0.556572 0.996752 0.550874 0.446681 0.994121
0 0.226562 0.659722 0.0875 0.0805556 0.234068 0.652394 0.992428 0.24168 0.64745 0.984338 0.24895 0.640717 0.926337 0.222511 0.662214 0.981826
0 0.145313 0.927778 0.1 0.0722222 0.145275 0.919526 0.996228 0.12268 0.918089 0.992163 0.104976 0.916589 0.951953 0.189059 0.933663 0.991569
0 0.650781 0.798611 0.120312 0.241667 0.638895 0.763451 0.999886 0.622111 0.723413 0.998813 0.60751 0.692745 0.876638 0.679183 0.892004 0.962046
