0 0.565625 0.711111 0.121875 0.15 0.562277 0.710842 0.999595 0.536581 0.688293 0.999521 0.517265 0.673614 0.997495 0.619138 0.768655 0.997753 0.698828
0 0.565625 0.7125 0.11875 0.147222 0.562003 0.710356 0.999187 0.537319 0.688876 0.998932 0.52063 0.675445 0.994642 0.620275 0.767741 0.996208 0.685462
0 0.566406 0.709722 0.120312 0.152778 0.562767 0.709361 0.999506 0.537386 0.684926 0.999535 0.51943 0.667248 0.9976 0.62209 0.766031 0.996022 0.659531
0 0.564062 0.711111 0.125 0.15 0.56252 0.710915 0.999732 0.53558 0.685442 0.999698 0.513595 0.669621 0.998378 0.620321 0.774637 0.99839 0.643195
0 0.564844 0.709722 0.123438 0.152778 0.562184 0.710227 0.999742 0.535385 0.684635 0.999736 0.514502 0.666284 0.998453 0.621459 0.768978 0.998354 0.643051
0 0.563281 0.708333 0.126563 0.155556 0.564303 0.70889 0.999832 0.535231 0.681359 0.999872 0.511302 0.667234 0.999439 0.621004 0.775113 0.998159 0.642718
0 0.563281 0.706944 0.126563 0.158333 0.56257 0.71019 0.99986 0.53522 0.682441 0.999851 0.513243 0.664148 0.999136 0.619816 0.773244 0.999191 0.636151
0 0.5625 0.704167 0.128125 0.158333 0.563312 0.709869 0.999894 0.534799 0.681997 0.999924 0.512569 0.666554 0.999672 0.615955 0.767832 0.998712 0.627083
0 0.0414063 0.702778 0.0828125 0.05 0.0426617 0.700159 0.980998 0.0587924 0.700413 0.988342 0.0726038 0.696749 0.976948 0.0284875 0.710051 0.597523 0.602056
0 0.0421875 0.704167 0.08125 0.0472222 0.0435516 0.699729 0.982509 0.0598866 0.701118 0.987208 0.0740282 0.697866 0.975588 0.0363159 0.709984 0.768115 0.552897
0 0.564062 0.708333 0.128125 0.161111 0.560349 0.707493 0.999837 0.532258 0.677576 0.999825 0.512566 0.657945 0.998909 0.621954 0.771146 0.99874 0.544558
0 0.0421875 0.702778 0.08125 0.05 0.0429019 0.702235 0.987657 0.0585128 0.700332 0.993278 0.0721232 0.697577 0.989773 0.0237837 0.709549 0.868031 0.533004
0 0.0414063 0.706944 0.0828125 0.0472222 0.0381071 0.700583 0.974414 0.0515698 0.702872 0.965122 0.0663862 0.70238 0.910473 0.0409547 0.70835 0.67852 0.505649
0 0.502344 0.561111 0.107813 0.0944444 0.498562 0.548534 0.999405 0.478023 0.544627 0.999419 0.464426 0.539444 0.997487 0.551373 0.57287 0.999188 0.501609
0 0.420312 0.669444 0.078125 0.155556 0.416815 0.67595 0.999743 0.432976 0.707113 0.99978 0.444322 0.726715 0.999275 0.385551 0.61129 0.99558 0.446016
0 0.421094 0.669444 0.0828125 0.155556 0.416838 0.676329 0.999798 0.43243 0.704736 0.999864 0.44368 0.724181 0.999552 0.386404 0.612393 0.996828 0.399518
0 0.717188 0.125 0.053125 0.233333 0.713843 0.130958 0.998291 0.705337 0.182021 0.997513 0.700669 0.212782 0.978521 0.733162 0.0248884 0.997559 0.384276
0 0.496094 0.563889 0.117188 0.0944444 0.496058 0.554042 0.999842 0.472167 0.555166 0.999827 0.456179 0.557758 0.999208 0.550849 0.577875 0.999717 0.383733
0 0.497656 0.563889 0.117188 0.0944444 0.496091 0.551574 0.999882 0.472308 0.550941 0.999888 0.455792 0.547956 0.999353 0.553554 0.574861 0.999769 0.359383
0 0.419531 0.668056 0.0765625 0.152778 0.415809 0.677398 0.999646 0.430449 0.705774 0.999682 0.441168 0.722365 0.998834 0.389389 0.615651 0.990071 0.348917
0 0.491406 0.568056 0.126563 0.102778 0.489838 0.560551 0.999953 0.462423 0.566196 0.99996 0.442942 0.570491 0.999802 0.548967 0.572875 0.999735 0.329246
0 0.501562 0.5625 0.109375 0.0916667 0.500517 0.548017 0.999269 0.479521 0.542471 0.998953 0.468539 0.542474 0.99653 0.550148 0.5798 0.99951 0.314891
0 0.420312 0.663889 0.078125 0.15 0.41391 0.675237 0.999744 0.427961 0.704451 0.999825 0.438716 0.720498 0.99937 0.387502 0.612032 0.993518 0.313538
0 0.717188 0.126389 0.053125 0.230556 0.713693 0.130281 0.998509 0.705728 0.18552 0.99741 0.701395 0.219475 0.970729 0.732117 0.0240539 0.996654 0.305201
0 0.0898438 0.369444 0.0453125 0.0944444 0.08793 0.367166 0.99191 0.0980381 0.350381 0.995471 0.105918 0.341234 0.992021 0.0716814 0.406607 0.947333 0.303423
0 0.49375 0.566667 0.121875 0.1 0.493015 0.555707 0.999974 0.465801 0.559384 0.999976 0.446236 0.56076 0.999842 0.553297 0.571007 0.999901 0.296626
0 0.717188 0.127778 0.05625 0.238889 0.713393 0.131441 0.998733 0.705133 0.185573 0.997352 0.700839 0.221348 0.96798 0.733153 0.0294413 0.994155 0.293658
0 0.715625 0.131944 0.059375 0.252778 0.712293 0.128906 0.99717 0.703171 0.184162 0.992404 0.699252 0.22515 0.909404 0.734535 0.0223954 0.977937 0.287477
0 0.419531 0.666667 0.0796875 0.15 0.415816 0.675593 0.999693 0.432018 0.705575 0.999794 0.443769 0.725159 0.999315 0.385198 0.611402 0.996784 0.284129
0 0.717969 0.123611 0.0515625 0.230556 0.713552 0.128245 0.998311 0.706001 0.174761 0.996926 0.703088 0.203748 0.975321 0.734376 0.0271864 0.997769 0.278969
0 0.421094 0.670833 0.0796875 0.158333 0.418382 0.678246 0.9998 0.434626 0.70858 0.999829 0.446732 0.727579 0.999413 0.385603 0.611717 0.996869 0.265606
0 0.421094 0.663889 0.0828125 0.144444 0.412254 0.68033 0.9998 0.423067 0.700854 0.999868 0.431477 0.71969 0.999557 0.397091 0.620612 0.997966 0.262915
0 0.717188 0.125 0.05625 0.233333 0.713614 0.134246 0.999113 0.705371 0.18766 0.998545 0.700826 0.219359 0.983998 0.732244 0.0303943 0.997633 0.259845
0 0.71875 0.126389 0.05 0.230556 0.715423 0.12832 0.997785 0.707365 0.179203 0.994156 0.703969 0.20949 0.950423 0.733171 0.0212376 0.997376 0.254141
0 0.41875 0.663889 0.078125 0.144444 0.411648 0.67341 0.999667 0.423639 0.700593 0.999802 0.433196 0.716736 0.999249 0.391369 0.612609 0.989851 0.236821
0 0.491406 0.572222 0.129688 0.111111 0.487989 0.562226 0.999918 0.460585 0.569804 0.999941 0.441532 0.575649 0.999739 0.541672 0.55993 0.999577 0.218913
0 0.419531 0.665278 0.0796875 0.147222 0.412642 0.673347 0.999806 0.425202 0.700457 0.999884 0.434498 0.718663 0.999537 0.389789 0.609686 0.995797 0.218773
0 0.0914062 0.370833 0.0453125 0.0972222 0.0885745 0.367847 0.994875 0.0987268 0.347307 0.998285 0.1061 0.334919 0.997475 0.0725964 0.414659 0.822882 0.209449
0 0.716406 0.129167 0.0546875 0.236111 0.712919 0.134072 0.998949 0.704258 0.184351 0.998684 0.699504 0.214999 0.989448 0.733264 0.0300697 0.997959 0.209017
0 0.090625 0.370833 0.046875 0.0972222 0.0866741 0.370164 0.992948 0.0971258 0.350568 0.996349 0.104923 0.339251 0.992931 0.0685169 0.410896 0.956965 0.19886
0 0.715625 0.129167 0.059375 0.241667 0.713746 0.135448 0.999258 0.704996 0.189467 0.998497 0.700077 0.223406 0.980426 0.733821 0.0330962 0.996504 0.195813
0 0.489844 0.573611 0.129688 0.113889 0.48387 0.564861 0.999879 0.456156 0.571894 0.99989 0.436975 0.577424 0.999508 0.539245 0.565348 0.998982 0.192603
0 0.421875 0.670833 0.0875 0.158333 0.416352 0.68978 0.99975 0.432089 0.712183 0.999872 0.443845 0.729651 0.99969 0.395883 0.625437 0.992328 0.188945
0 0.0867188 0.370833 0.0546875 0.102778 0.0851385 0.368119 0.989602 0.0968488 0.345271 0.99089 0.109679 0.338932 0.979757 0.0752522 0.411435 0.81682 0.188235
0 0.0414063 0.715278 0.0828125 0.0638889 0.0353388 0.699503 0.942668 0.0457775 0.699552 0.82958 0.0601799 0.701494 0.553846 0.0465564 0.70696 0.828656 0.17296
0 0.563281 0.715278 0.123438 0.147222 0.564359 0.708304 0.998949 0.535057 0.68333 0.998644 0.513507 0.673402 0.994495 0.6215 0.776746 0.994067 0.164271
0 0.0914062 0.369444 0.0484375 0.1 0.0873683 0.366693 0.993958 0.0978462 0.346681 0.997375 0.105261 0.335158 0.99542 0.0711035 0.411947 0.876299 0.152991
0 0.421094 0.675 0.0765625 0.166667 0.420759 0.682952 0.999705 0.437809 0.71202 0.999771 0.45063 0.73142 0.99925 0.387813 0.620767 0.980624 0.138465
0 0.090625 0.369444 0.04375 0.0944444 0.0885678 0.366617 0.993306 0.0981063 0.347971 0.997714 0.106608 0.339809 0.996423 0.0748774 0.406011 0.88042 0.10142
