0 0.697656 0.734722 0.110937 0.119444 0.693421 0.738311 0.999481 0.667779 0.754271 0.999737 0.650664 0.762085 0.999016 0.749971 0.696969 0.990893 0.761748
0 0.696875 0.734722 0.1125 0.119444 0.693752 0.736651 0.999561 0.668537 0.755061 0.999771 0.650183 0.764826 0.999073 0.750454 0.695527 0.994108 0.758695
0 0.696875 0.736111 0.1125 0.116667 0.694171 0.739449 0.999562 0.667512 0.75679 0.999773 0.64891 0.766546 0.999099 0.750808 0.697656 0.994998 0.753386
0 0.696094 0.736111 0.114063 0.116667 0.694579 0.73816 0.999562 0.668501 0.757969 0.999716 0.649414 0.7687 0.998724 0.75104 0.697699 0.996818 0.743169
0 0.696094 0.736111 0.114063 0.116667 0.693541 0.736817 0.999661 0.667437 0.756076 0.999713 0.649477 0.769194 0.998626 0.74803 0.698173 0.997293 0.733914
0 0.696094 0.736111 0.117188 0.116667 0.693578 0.739673 0.999467 0.666653 0.757619 0.999648 0.646612 0.767768 0.998527 0.746305 0.701008 0.994609 0.723082
0 0.694531 0.736111 0.117188 0.116667 0.692316 0.741557 0.999499 0.664697 0.757574 0.999707 0.644792 0.766841 0.998876 0.743105 0.703277 0.989942 0.717201
0 0.696094 0.734722 0.117188 0.113889 0.691814 0.739557 0.999606 0.665653 0.758071 0.999676 0.646853 0.770089 0.998484 0.743938 0.701609 0.995179 0.717134
0 0.696875 0.734722 0.1125 0.119444 0.691801 0.736469 0.999482 0.666664 0.753604 0.999638 0.649486 0.763385 0.998662 0.750792 0.696287 0.990843 0.702519
0 0.696875 0.736111 0.1125 0.116667 0.694258 0.736404 0.999436 0.66908 0.754937 0.999518 0.651641 0.767993 0.998029 0.749742 0.692022 0.99432 0.686386
0 0.189063 0.675 0.071875 0.0722222 0.186232 0.683307 0.995536 0.172259 0.697697 0.996795 0.162867 0.70621 0.992343 0.216398 0.6457 0.99595 0.530563
0 0.188281 0.675 0.0703125 0.0777778 0.187909 0.68457 0.993387 0.174184 0.698791 0.996014 0.164134 0.7057 0.990951 0.215723 0.646017 0.995019 0.518288
0 0.873438 0.694444 0.096875 0.0444444 0.870968 0.687035 0.993698 0.864679 0.689834 0.987703 0.862724 0.690493 0.959148 0.904132 0.694053 0.995098 0.513659
0 0.189844 0.675 0.0671875 0.0777778 0.188439 0.68424 0.988424 0.175784 0.696962 0.990207 0.168758 0.700687 0.979299 0.215265 0.647095 0.994994 0.512999
0 0.245312 0.115278 0.028125 0.180556 0.244182 0.122708 0.999195 0.244248 0.160743 0.999067 0.245899 0.183415 0.994252 0.240937 0.0392965 0.999034 0.477403
0 0.874219 0.694444 0.0953125 0.05 0.88067 0.689369 0.993963 0.883025 0.694379 0.993979 0.885315 0.694489 0.985995 0.899496 0.694653 0.986136 0.456555
0 0.875 0.694444 0.096875 0.05 0.885434 0.689998 0.995285 0.892279 0.696915 0.997149 0.897507 0.698248 0.99478 0.893648 0.6915 0.973262 0.442648
0 0.188281 0.675 0.0703125 0.0777778 0.18502 0.683675 0.992056 0.172196 0.697253 0.993993 0.163552 0.704453 0.986778 0.214283 0.649998 0.994277 0.43702
0 0.189063 0.673611 0.071875 0.075 0.183945 0.682805 0.994153 0.171084 0.697545 0.994349 0.162362 0.705923 0.986201 0.214813 0.650339 0.993615 0.414324
0 0.245312 0.116667 0.028125 0.172222 0.243821 0.125179 0.998747 0.245155 0.164873 0.998754 0.247016 0.187769 0.993003 0.239938 0.0406952 0.998369 0.398073
0 0.876562 0.694444 0.09375 0.0555556 0.88861 0.690485 0.992767 0.898444 0.696871 0.996494 0.907397 0.700257 0.994445 0.886324 0.690943 0.940484 0.392402
0 0.189063 0.675 0.06875 0.0777778 0.186774 0.684883 0.982669 0.173221 0.697748 0.984358 0.166279 0.704378 0.972276 0.213158 0.651486 0.993443 0.372354
0 0.246094 0.115278 0.0265625 0.175 0.243317 0.126738 0.998374 0.245358 0.166208 0.997899 0.247389 0.190313 0.987695 0.239573 0.039441 0.997852 0.371009
0 0.246875 0.115278 0.028125 0.180556 0.244076 0.128547 0.998651 0.245832 0.166475 0.997668 0.24787 0.191619 0.98549 0.240997 0.0451329 0.995756 0.333529
0 0.186719 0.673611 0.0765625 0.075 0.184354 0.680694 0.996066 0.168655 0.697495 0.997567 0.157988 0.708636 0.994963 0.215991 0.642132 0.988116 0.278875
0 0.189063 0.6875 0.06875 0.0861111 0.185172 0.682895 0.994135 0.173467 0.694371 0.99089 0.16372 0.707496 0.974022 0.21831 0.660943 0.966566 0.25563
0 0.427344 0.372222 0.0765625 0.133333 0.426123 0.361419 0.99836 0.410092 0.341018 0.998149 0.398833 0.330262 0.991988 0.460408 0.419474 0.983889 0.253725
0 0.876562 0.698611 0.090625 0.0583333 0.880262 0.691615 0.989235 0.890349 0.692727 0.987643 0.899696 0.700109 0.971447 0.887766 0.706148 0.944248 0.218584
0 0.878125 0.705556 0.096875 0.0611111 0.888211 0.691373 0.987996 0.900769 0.695105 0.986943 0.911364 0.70307 0.969507 0.8864 0.69796 0.9314 0.198385
0 0.186719 0.673611 0.0765625 0.0805556 0.182615 0.680795 0.996972 0.167571 0.69806 0.996569 0.15765 0.709568 0.99001 0.216021 0.644109 0.991644 0.170195
0 0.426562 0.366667 0.078125 0.133333 0.425703 0.356021 0.99825 0.408832 0.333652 0.997976 0.39553 0.321116 0.991526 0.463106 0.416147 0.986869 0.166685
0 0.426562 0.370833 0.078125 0.130556 0.426622 0.362848 0.998555 0.41122 0.340573 0.998491 0.399592 0.323708 0.993082 0.461258 0.418545 0.989623 0.166145
0 0.426562 0.366667 0.078125 0.127778 0.425169 0.358568 0.999016 0.408674 0.33542 0.99878 0.39591 0.319256 0.994425 0.464434 0.417871 0.995742 0.162791
0 0.246094 0.115278 0.0359375 0.175 0.245226 0.129104 0.997468 0.246452 0.168571 0.996124 0.248356 0.190043 0.979074 0.240468 0.041184 0.997236 0.148312
0 0.009375 0.561111 0.01875 0.211111 0 0 0.0765028 0 0 0.141077 0 0 0.302223 0.00666886 0.641399 0.657436 0.146191
0 0.111719 0.813889 0.0703125 0.133333 0.115367 0.814767 0.997296 0.102918 0.839766 0.999297 0.0949428 0.85767 0.99875 0.135687 0.763299 0.945314 0.143256
0 0.876562 0.688889 0.096875 0.0666667 0.88654 0.690756 0.996367 0.89591 0.695048 0.998688 0.905637 0.697046 0.997778 0.885379 0.694878 0.962662 0.128309
0 0.426562 0.365278 0.078125 0.130556 0.42381 0.356053 0.999371 0.406978 0.332933 0.999258 0.396315 0.317594 0.995987 0.464331 0.417305 0.995024 0.125383
0 0.113281 0.813889 0.0671875 0.133333 0.11568 0.814609 0.997767 0.102404 0.838815 0.999445 0.093206 0.855914 0.998863 0.136727 0.758962 0.93544 0.121471
0 0.270312 0.338889 0.06875 0.177778 0.274441 0.35311 0.998797 0.282689 0.387224 0.998769 0.291403 0.407846 0.995456 0.256563 0.266341 0.998758 0.117532
0 0.874219 0.688889 0.0984375 0.0611111 0.870975 0.68781 0.997261 0.864596 0.692225 0.99646 0.863493 0.694304 0.988054 0.901823 0.694801 0.99673 0.116152
0 0.875 0.688889 0.096875 0.0611111 0.880227 0.690734 0.997518 0.881655 0.694156 0.998342 0.884109 0.693168 0.995803 0.897647 0.697428 0.991995 0.114666
0 0.111719 0.816667 0.0640625 0.144444 0.111963 0.817042 0.995585 0.100596 0.844814 0.998592 0.092724 0.863813 0.997528 0.134705 0.761305 0.874482 0.113564
0 0.246875 0.115278 0.034375 0.180556 0.244832 0.13136 0.997869 0.245825 0.168474 0.996422 0.248027 0.192064 0.983123 0.240398 0.0479032 0.99498 0.112435
0 0.246094 0.115278 0.0359375 0.175 0.245679 0.126694 0.998045 0.245941 0.168623 0.997103 0.247647 0.190881 0.984004 0.240994 0.0403718 0.998034 0.111602
0 0.425781 0.365278 0.0796875 0.130556 0.423586 0.351849 0.998657 0.408083 0.329218 0.998437 0.396224 0.318154 0.993353 0.462499 0.415511 0.982519 0.104637
0 0.246094 0.113889 0.0359375 0.183333 0.245697 0.124293 0.997981 0.244899 0.165623 0.996385 0.246558 0.18805 0.979475 0.242531 0.0394805 0.998446 0.102829
