0 0.249219 0.626389 0.114063 0.0861111 0.253129 0.621988 0.999311 0.279656 0.617402 0.999655 0.297885 0.614707 0.999083 0.198558 0.646634 0.920372 0.669277
0 0.250781 0.625 0.114063 0.0888889 0.25294 0.623088 0.998815 0.279447 0.618063 0.99903 0.297659 0.614433 0.997001 0.198922 0.64507 0.928604 0.656474
0 0.652344 0.0958333 0.0796875 0.108333 0.651421 0.100006 0.998702 0.636098 0.115187 0.998968 0.626237 0.124416 0.997436 0.680972 0.0743731 0.994664 0.642964
0 0.25 0.625 0.115625 0.0888889 0.253561 0.622532 0.997897 0.27988 0.618186 0.997672 0.297798 0.614477 0.992106 0.196845 0.641587 0.935296 0.637293
0 0.250781 0.622222 0.114063 0.0944444 0.254007 0.620297 0.995633 0.279134 0.618415 0.994995 0.297731 0.6162 0.982836 0.201674 0.634262 0.851009 0.619124
0 0.652344 0.0930556 0.0796875 0.113889 0.6514 0.0995268 0.997299 0.635624 0.115132 0.998608 0.625017 0.124997 0.996521 0.680063 0.0665847 0.989699 0.61594
0 0.651563 0.0958333 0.078125 0.108333 0.651114 0.101185 0.996929 0.636066 0.116094 0.997759 0.625225 0.124187 0.994217 0.680864 0.0724798 0.992306 0.59406
0 0.651563 0.0958333 0.078125 0.108333 0.650934 0.101129 0.997036 0.636592 0.115898 0.997206 0.627716 0.123708 0.991262 0.679729 0.071983 0.993474 0.580461
0 0.651563 0.0930556 0.078125 0.113889 0.65135 0.0996673 0.997807 0.635453 0.113588 0.998895 0.62527 0.12361 0.997716 0.679501 0.0694397 0.990017 0.579957
0 0.250781 0.623611 0.114063 0.0916667 0.253562 0.624991 0.9993 0.279015 0.617453 0.999684 0.297243 0.612624 0.999029 0.197344 0.644312 0.920531 0.536168
0 0.198437 0.890278 0.065625 0.202778 0.205892 0.888651 0.997902 0.195839 0.933257 0.998082 0.189719 0.960252 0.989581 0.226937 0.80525 0.929472 0.499857
0 0.198437 0.893056 0.065625 0.202778 0.205164 0.887334 0.997005 0.194588 0.935519 0.994718 0.188382 0.96215 0.948183 0.226388 0.8009 0.876125 0.49343
0 0.652344 0.0902778 0.0765625 0.113889 0.648694 0.102196 0.997495 0.633845 0.116904 0.997862 0.624047 0.129104 0.994096 0.68059 0.0687308 0.993991 0.492178
0 0.250781 0.622222 0.114063 0.0944444 0.254282 0.623485 0.998979 0.279531 0.617228 0.999273 0.2969 0.61353 0.997491 0.194787 0.645368 0.94742 0.484755
0 0.196094 0.894444 0.0671875 0.205556 0.205319 0.887702 0.997843 0.195107 0.935758 0.994748 0.189465 0.963363 0.933645 0.224874 0.800146 0.756074 0.472109
0 0.249219 0.625 0.110937 0.0888889 0.252034 0.62161 0.999487 0.277537 0.615977 0.999842 0.294997 0.613184 0.99956 0.198576 0.64316 0.894787 0.451913
0 0.198437 0.890278 0.065625 0.208333 0.204079 0.886994 0.998621 0.193141 0.932152 0.998345 0.187172 0.959833 0.98638 0.227254 0.807473 0.914679 0.408416
0 0.197656 0.891667 0.0703125 0.211111 0.199164 0.88803 0.99719 0.188732 0.929292 0.990505 0.184154 0.954258 0.829123 0.224108 0.817409 0.755016 0.353351
0 0.250781 0.620833 0.114063 0.0972222 0.256424 0.622534 0.996686 0.28236 0.616004 0.997579 0.301443 0.61374 0.992269 0.20651 0.642386 0.867832 0.347138
0 0.651563 0.0972222 0.08125 0.111111 0.651031 0.102383 0.997804 0.638188 0.114437 0.997278 0.630532 0.123057 0.990713 0.676357 0.0867129 0.988343 0.306618
0 0.196875 0.893056 0.06875 0.208333 0.203333 0.884898 0.997759 0.192769 0.934694 0.991339 0.187877 0.962459 0.828696 0.223624 0.804209 0.719073 0.286295
0 0.248437 0.625 0.115625 0.0833333 0.253837 0.62189 0.999225 0.280104 0.613091 0.999744 0.298043 0.608805 0.999562 0.202476 0.645599 0.903124 0.277192
0 0.2 0.890278 0.065625 0.202778 0.20395 0.888242 0.998522 0.19497 0.927134 0.998142 0.191999 0.954186 0.989909 0.226942 0.812239 0.950791 0.250034
0 0.65 0.0930556 0.08125 0.113889 0.651594 0.0963091 0.99785 0.637818 0.109023 0.998363 0.628418 0.121269 0.995987 0.668322 0.0814913 0.980062 0.249865
0 0.196094 0.894444 0.0703125 0.211111 0.200075 0.889361 0.997549 0.190697 0.929852 0.990199 0.186354 0.953899 0.79139 0.221482 0.821934 0.641745 0.235601
0 0.250781 0.627778 0.117188 0.0888889 0.252496 0.623011 0.999602 0.279915 0.618468 0.999595 0.299181 0.614933 0.998298 0.195432 0.646508 0.963154 0.219978
0 0.009375 0.372222 0.01875 0.188889 0.00758973 0.342649 0.849961 0.00847914 0.297939 0.814744 0.0123008 0.275886 0.6521 0.00428443 0.436598 0.955658 0.219279
0 0.009375 0.373611 0.01875 0.191667 0.00436083 0.34953 0.604992 0.00569313 0.30147 0.691166 0.00946957 0.281026 0.672713 0.00328796 0.434054 0.788836 0.21175
0 0.197656 0.891667 0.0671875 0.205556 0.203084 0.885355 0.996983 0.192223 0.934176 0.99175 0.187041 0.961277 0.875732 0.22609 0.804253 0.847798 0.206059
0 0.652344 0.0958333 0.0796875 0.113889 0.649874 0.104087 0.997817 0.636688 0.118074 0.997011 0.628973 0.126529 0.988222 0.677466 0.0840685 0.993952 0.16822
0 0.009375 0.366667 0.01875 0.194444 0.010556 0.343683 0.923926 0.0108069 0.301775 0.887473 0.0143969 0.277716 0.72129 0.00726094 0.435986 0.973446 0.167047
0 0.0101562 0.358333 0.0171875 0.205556 0.0117504 0.3434 0.931559 0.0111363 0.304571 0.900044 0.0145978 0.28021 0.764496 0.0104227 0.426926 0.973512 0.135039
0 0.200781 0.890278 0.0609375 0.197222 0.206653 0.88869 0.998298 0.19822 0.928756 0.998144 0.195023 0.955143 0.992144 0.226984 0.804967 0.97011 0.132864
0 0.651563 0.0958333 0.075 0.113889 0.65031 0.094296 0.991584 0.636673 0.107776 0.987793 0.626702 0.123824 0.966666 0.685434 0.0781695 0.958384 0.126142
0 0.0148437 0.366667 0.0265625 0.211111 0.0140784 0.348303 0.923644 0.0123435 0.303767 0.903426 0.0116282 0.279588 0.826099 0.0200058 0.445445 0.912643 0.121569
