0 0.599219 0.272222 0.126563 0.177778 0.605425 0.269711 0.999952 0.621077 0.242067 0.999951 0.635819 0.220405 0.999659 0.559456 0.339446 0.999723 0.79173
0 0.6 0.270833 0.125 0.180556 0.604426 0.268495 0.999922 0.622925 0.242226 0.999906 0.639131 0.222611 0.999359 0.558218 0.341723 0.999566 0.779091
0 0.599219 0.272222 0.123438 0.177778 0.603333 0.267985 0.999899 0.624584 0.237459 0.999845 0.641496 0.217264 0.998835 0.550155 0.348226 0.999535 0.774626
0 0.598437 0.273611 0.125 0.180556 0.604496 0.271546 0.999963 0.614816 0.246606 0.99997 0.626358 0.227261 0.999791 0.567858 0.330047 0.999487 0.76987
0 0.599219 0.272222 0.126563 0.183333 0.60342 0.267424 0.99995 0.614559 0.248493 0.999969 0.625972 0.23441 0.999813 0.574428 0.31683 0.998538 0.747821
0 0.599219 0.273611 0.126563 0.175 0.60471 0.269014 0.999938 0.624248 0.240853 0.999922 0.640384 0.220237 0.999449 0.550685 0.342436 0.999715 0.73994
0 0.598437 0.273611 0.125 0.175 0.604068 0.269666 0.99992 0.622436 0.246407 0.999862 0.636367 0.232476 0.998928 0.552951 0.342031 0.999622 0.729051
0 0.597656 0.276389 0.126563 0.175 0.605839 0.269951 0.999937 0.621098 0.245222 0.999941 0.635182 0.2261 0.999647 0.559408 0.33318 0.999363 0.722669
0 0.6 0.266667 0.125 0.177778 0.606177 0.270101 0.999746 0.625043 0.243954 0.999795 0.642201 0.230854 0.998985 0.557291 0.333563 0.999158 0.697977
0 0.601562 0.269444 0.125 0.183333 0.604929 0.265795 0.999916 0.621213 0.24534 0.999943 0.636102 0.231308 0.999715 0.570955 0.318841 0.998816 0.693352
0 0.844531 0.722222 0.0984375 0.122222 0.83806 0.70292 0.998318 0.82364 0.680481 0.997155 0.815266 0.665799 0.98535 0.880019 0.769989 0.99732 0.420884
0 0.844531 0.719444 0.0984375 0.127778 0.836946 0.703879 0.998544 0.822227 0.681342 0.997647 0.814338 0.664105 0.986278 0.881823 0.771887 0.998232 0.400394
0 0.842188 0.716667 0.103125 0.133333 0.837509 0.700438 0.999785 0.823057 0.680626 0.999722 0.814058 0.666978 0.998415 0.879929 0.766899 0.999161 0.358776
0 0.842188 0.715278 0.1 0.130556 0.837938 0.699707 0.999529 0.823218 0.677328 0.999264 0.813008 0.66381 0.995694 0.878431 0.768561 0.998224 0.328742
0 0.842969 0.719444 0.101562 0.122222 0.837604 0.700997 0.999353 0.821216 0.676786 0.998964 0.810267 0.660431 0.994121 0.882667 0.772109 0.998562 0.287982
0 0.842969 0.719444 0.101562 0.127778 0.836514 0.702378 0.9996 0.819387 0.678219 0.999452 0.808643 0.65975 0.996705 0.884314 0.772125 0.999234 0.211481
0 0.845312 0.338889 0.103125 0.222222 0.852617 0.374075 0.999614 0.866989 0.419995 0.999095 0.877476 0.453028 0.991889 0.814737 0.269254 0.982683 0.205727
0 0.840625 0.702778 0.103125 0.161111 0.831612 0.69907 0.999774 0.821075 0.683728 0.999738 0.815829 0.677599 0.99865 0.871647 0.758667 0.996568 0.18942
0 0.841406 0.705556 0.101562 0.15 0.834073 0.697582 0.999337 0.823772 0.676919 0.998922 0.81807 0.668889 0.994181 0.870674 0.76371 0.995956 0.169222
0 0.652344 0.0472222 0.0578125 0.0833333 0.654527 0.0373372 0.977377 0.650161 0.0446096 0.972859 0.646722 0.0488733 0.920571 0.652713 0.0464004 0.928727 0.167701
0 0.651563 0.0472222 0.05625 0.0833333 0.655275 0.0421902 0.976357 0.650996 0.0498408 0.978945 0.648519 0.0530825 0.951181 0.652586 0.048624 0.955253 0.163447
0 0.975 0.544444 0.04375 0.144444 0.977438 0.548247 0.950011 0.983974 0.577744 0.937051 0.988356 0.598087 0.843691 0.9655 0.494836 0.902193 0.160011
0 0.974219 0.544444 0.0421875 0.138889 0.977726 0.546314 0.963047 0.984029 0.57529 0.970464 0.987538 0.595502 0.926514 0.962097 0.491382 0.884933 0.157377
0 0.845312 0.327778 0.103125 0.2 0.847018 0.355584 0.999263 0.862479 0.404471 0.998139 0.872842 0.435399 0.982066 0.809779 0.252453 0.989474 0.154867
0 0.846875 0.7125 0.09375 0.136111 0.837616 0.70347 0.990058 0.821507 0.677163 0.98039 0.816885 0.665492 0.932339 0.883735 0.78288 0.997127 0.147095
0 0.847656 0.720833 0.0953125 0.125 0.839687 0.7023 0.987879 0.825143 0.676462 0.980424 0.820144 0.66861 0.952932 0.87979 0.778133 0.994131 0.133753
0 0.841406 0.329167 0.0921875 0.202778 0.848405 0.342777 0.998952 0.865102 0.385576 0.998093 0.876238 0.412129 0.982865 0.807834 0.253182 0.978886 0.128073
0 0.844531 0.326389 0.0984375 0.191667 0.84761 0.349961 0.998226 0.863172 0.395566 0.996723 0.873023 0.423576 0.975297 0.807761 0.248273 0.987075 0.126968
0 0.883594 0.475 0.0609375 0.15 0.883507 0.464195 0.994865 0.890559 0.503691 0.998996 0.893731 0.534047 0.998422 0 0 0.277299 0.122305
0 0.846875 0.327778 0.103125 0.2 0.848491 0.352096 0.999588 0.862599 0.399554 0.998987 0.871796 0.428762 0.989547 0.809446 0.25527 0.989421 0.120656
0 0.883594 0.475 0.0609375 0.144444 0.88256 0.46521 0.983691 0.888749 0.504058 0.996548 0.892949 0.532008 0.995593 0 0 0.253594 0.112327
