0 0.609375 0.320833 0.146875 0.286111 0.602387 0.330242 0.999831 0.570722 0.39341 0.999877 0.550944 0.43468 0.998832 0.672351 0.197786 0.996792 0.858167
0 0.610156 0.320833 0.145313 0.286111 0.601511 0.326221 0.999928 0.571054 0.394734 0.999941 0.551753 0.435833 0.999164 0.672326 0.191527 0.998857 0.857899
0 0.609375 0.319444 0.146875 0.283333 0.601434 0.324384 0.999937 0.570699 0.394196 0.999936 0.55214 0.438504 0.99888 0.671492 0.189023 0.998513 0.85264
0 0.610156 0.318056 0.148438 0.286111 0.601835 0.329432 0.99988 0.570071 0.396365 0.999909 0.549632 0.44038 0.998832 0.670124 0.196069 0.996949 0.850305
0 0.609375 0.319444 0.146875 0.283333 0.60268 0.329965 0.999872 0.571153 0.395365 0.999912 0.550605 0.436535 0.999057 0.671493 0.196326 0.997816 0.845016
0 0.610156 0.319444 0.145313 0.283333 0.60148 0.323991 0.999947 0.571484 0.3908 0.999941 0.55278 0.431143 0.998994 0.676284 0.193096 0.998797 0.844572
0 0.611719 0.319444 0.145313 0.283333 0.602316 0.32636 0.999905 0.571613 0.391437 0.99991 0.55207 0.4309 0.99877 0.672938 0.194916 0.998641 0.841829
0 0.610937 0.319444 0.14375 0.283333 0.603666 0.3238 0.999907 0.574121 0.388257 0.999865 0.555892 0.426946 0.997735 0.676139 0.194171 0.998783 0.820285
0 0.609375 0.316667 0.146875 0.283333 0.601338 0.323664 0.999931 0.570624 0.39178 0.99989 0.553686 0.439072 0.99729 0.672383 0.185729 0.997756 0.80394
0 0.613281 0.322222 0.142188 0.283333 0.603204 0.327313 0.999841 0.573418 0.386081 0.999815 0.554979 0.423519 0.997794 0.675362 0.198334 0.997462 0.773258
0 0.896875 0.819444 0.071875 0.172222 0.893629 0.804815 0.999401 0.901757 0.770017 0.99931 0.909513 0.745963 0.997187 0.872535 0.89022 0.998389 0.380178
0 0.639844 0.0319444 0.0796875 0.0583333 0.646178 0.0220639 0.992547 0.662508 0.0360229 0.994753 0.673548 0.0456875 0.989733 0.610238 0.0143665 0.892822 0.379242
0 0.898438 0.818056 0.071875 0.175 0.895326 0.803871 0.999322 0.903716 0.772557 0.99937 0.912462 0.751008 0.997825 0.872772 0.879922 0.997034 0.367629
0 0.6375 0.0291667 0.08125 0.0527778 0.644782 0.0192717 0.9927 0.662555 0.0329511 0.994729 0.674208 0.0412663 0.989957 0.611488 0.0134293 0.888381 0.310698
0 0.897656 0.816667 0.0734375 0.177778 0.896975 0.802482 0.999472 0.906918 0.771083 0.999516 0.917119 0.748954 0.99835 0.871778 0.878581 0.997184 0.307462
0 0.635938 0.0277778 0.084375 0.05 0.641172 0.0139027 0.988629 0.661513 0.0263163 0.991796 0.675433 0.0342434 0.985943 0.611158 0.0119001 0.77307 0.299779
0 0.9875 0.0916667 0.025 0.122222 0.992762 0.0787761 0.51038 0 0 0.477293 0 0 0.484034 0.98478 0.0558633 0.733995 0.297709
0 0.896094 0.818056 0.0703125 0.175 0.892491 0.807879 0.99937 0.898511 0.772998 0.999355 0.903316 0.750859 0.997268 0.875648 0.890084 0.998134 0.294602
0 0.896094 0.818056 0.0703125 0.175 0.894616 0.804558 0.999515 0.903973 0.770716 0.999444 0.912787 0.747277 0.997777 0.871702 0.88847 0.998524 0.275113
0 0.649219 0.0319444 0.0671875 0.0583333 0.650586 0.0170681 0.987025 0.664142 0.0327866 0.995185 0.672786 0.0475282 0.993463 0.609637 0.0157111 0.77041 0.24671
0 0.895312 0.816667 0.065625 0.177778 0.893452 0.805886 0.999244 0.90076 0.772702 0.999266 0.907358 0.752708 0.997262 0.873487 0.887551 0.998378 0.213398
0 0.508594 0.619444 0.110937 0.0444444 0.500316 0.611298 0.997098 0.479858 0.613758 0.994948 0.468389 0.616523 0.985203 0.56223 0.624375 0.997524 0.208649
0 0.9875 0.102778 0.025 0.144444 0 0 0.406162 0 0 0.417123 0 0 0.476732 0.985707 0.0631813 0.65282 0.201474
0 0.898438 0.815278 0.075 0.175 0.897551 0.800789 0.999269 0.905019 0.770475 0.999605 0.91365 0.753108 0.998752 0.87672 0.872383 0.991468 0.194344
0 0.988281 0.0861111 0.0234375 0.122222 0.992398 0.078655 0.708429 0.994974 0.0898412 0.580613 0 0 0.420558 0.982546 0.0508581 0.911938 0.193463
0 0.507812 0.619444 0.109375 0.0444444 0.499456 0.615732 0.996114 0.477372 0.616619 0.993958 0.464226 0.616049 0.978372 0.561508 0.624554 0.996881 0.159618
0 0.898438 0.816667 0.071875 0.172222 0.896048 0.802794 0.998493 0.904296 0.769458 0.999141 0.914047 0.749925 0.998129 0.876075 0.881004 0.996078 0.132548
0 0.89375 0.819444 0.0625 0.166667 0.893147 0.809929 0.997619 0.904462 0.775656 0.997042 0.914605 0.762477 0.990901 0.881747 0.890587 0.961905 0.128014
0 0.895312 0.816667 0.065625 0.177778 0.898107 0.804092 0.997268 0.903495 0.764915 0.997543 0.909278 0.75034 0.994976 0.875512 0.887491 0.995726 0.120738
0 0.507031 0.618056 0.110937 0.0472222 0.496929 0.617055 0.992434 0.475576 0.617634 0.988742 0.46376 0.616562 0.958588 0.559859 0.621693 0.996469 0.12007
0 0.509375 0.619444 0.10625 0.05 0.497083 0.618153 0.985583 0.475802 0.618107 0.975867 0.465187 0.616525 0.921552 0.558782 0.617117 0.996426 0.117771
0 0.638281 0.0375 0.0828125 0.0638889 0.648246 0.0171168 0.928445 0.663815 0.0240021 0.954843 0.674388 0.0348206 0.947678 0.616225 0.017746 0.598517 0.11602
0 0.507031 0.626389 0.107813 0.0583333 0.497825 0.619023 0.989818 0.47856 0.618823 0.982544 0.467171 0.627152 0.942409 0.559324 0.627947 0.966821 0.113783
0 0.826563 0.556944 0.071875 0.0416667 0.82499 0.558014 0.998397 0.811783 0.558789 0.999019 0.802187 0.558037 0.997964 0.847131 0.566039 0.987947 0.103964
0 0.504687 0.623611 0.115625 0.0527778 0.496374 0.617577 0.982773 0.479661 0.616092 0.971587 0.469003 0.619277 0.927721 0.554957 0.633719 0.968178 0.101269
