0 0.630469 0.129167 0.0515625 0.147222 0.633921 0.130895 0.992 0.62737 0.168701 0.997869 0.621462 0.191343 0.995934 0.643068 0.0621931 0.76901 0.657868
0 0.629687 0.130556 0.05 0.15 0.632312 0.128438 0.991374 0.626529 0.16893 0.996004 0.621321 0.192953 0.98962 0.643325 0.0606491 0.668476 0.634901
0 0.63125 0.129167 0.05 0.147222 0.634008 0.127736 0.996469 0.627459 0.166603 0.999136 0.622166 0.190142 0.998133 0.643377 0.0618845 0.742991 0.626599
0 0.629687 0.131944 0.046875 0.147222 0.631746 0.129443 0.996893 0.625891 0.16923 0.997575 0.621978 0.193642 0.989888 0.643552 0.0579855 0.780427 0.59043
0 0.630469 0.130556 0.0515625 0.15 0.634585 0.127079 0.997109 0.626601 0.164831 0.999184 0.620821 0.189039 0.997941 0.644584 0.0632905 0.79816 0.586847
0 0.63125 0.129167 0.05 0.147222 0.632767 0.126679 0.995698 0.626324 0.167433 0.998025 0.62139 0.191157 0.994397 0.644453 0.0604552 0.705242 0.580506
0 0.63125 0.130556 0.05 0.15 0.635344 0.125314 0.996549 0.62746 0.164085 0.998927 0.622385 0.190202 0.99753 0.643824 0.0653832 0.736007 0.565634
0 0.504687 0.143056 0.125 0.113889 0.512955 0.136875 0.998487 0.539394 0.122285 0.996894 0.559416 0.111232 0.982139 0.444189 0.18379 0.997041 0.540487
0 0.63125 0.130556 0.05 0.15 0.632378 0.12725 0.996829 0.626396 0.167818 0.997249 0.622288 0.193005 0.98843 0.643693 0.0555076 0.867715 0.49956
0 0.10625 0.0861111 0.05 0.172222 0.105424 0.0736363 0.996029 0.110694 0.115704 0.998747 0.115477 0.141554 0.997361 0.100204 0.00982511 0.563394 0.478845
0 0.10625 0.0875 0.05 0.175 0.105175 0.078084 0.99762 0.110243 0.116588 0.998751 0.114461 0.140458 0.996824 0.100853 0.020236 0.879612 0.471514
0 0.50625 0.141667 0.128125 0.116667 0.515716 0.135116 0.999184 0.540916 0.119539 0.99846 0.561684 0.106212 0.99128 0.447116 0.180401 0.997868 0.471147
0 0.10625 0.0861111 0.05 0.172222 0.104067 0.0762709 0.998825 0.110481 0.115785 0.999505 0.115007 0.141129 0.998768 0.0951897 0.0233763 0.786335 0.457617
0 0.503906 0.144444 0.126563 0.116667 0.513723 0.136519 0.999567 0.537786 0.118657 0.999312 0.557928 0.103402 0.996114 0.445083 0.182763 0.999164 0.433143
0 0.0351562 0.725 0.0578125 0.194444 0.027603 0.694135 0.995405 0.0184745 0.651463 0.989235 0.0131196 0.628865 0.937662 0.0533316 0.799022 0.98779 0.427307
0 0.10625 0.0847222 0.05 0.169444 0.103863 0.0715676 0.998575 0.11076 0.11432 0.999623 0.116576 0.142347 0.999052 0 0 0.367842 0.417129
0 0.503125 0.148611 0.128125 0.113889 0.511843 0.138302 0.998995 0.53747 0.126151 0.997498 0.553702 0.119074 0.981168 0.44635 0.185467 0.998621 0.416999
0 0.108594 0.0902778 0.0515625 0.180556 0.106374 0.0790358 0.999406 0.11065 0.112007 0.999748 0.113022 0.135728 0.999258 0.0996093 0.0398636 0.923277 0.399411
0 0.034375 0.719444 0.059375 0.205556 0.0283794 0.691144 0.997385 0.0175429 0.645109 0.992713 0.0114805 0.616377 0.929496 0.0576114 0.807553 0.995869 0.38694
0 0.107813 0.0916667 0.05 0.183333 0.106217 0.0867746 0.999113 0.109277 0.115866 0.999514 0.111544 0.135605 0.998518 0.105334 0.0498807 0.961249 0.375971
0 0.502344 0.145833 0.129688 0.113889 0.512062 0.136323 0.998894 0.537178 0.121659 0.998191 0.555557 0.109784 0.989934 0.445114 0.182233 0.998218 0.371497
0 0.499219 0.145833 0.123438 0.125 0.508414 0.140475 0.999766 0.530291 0.11857 0.999608 0.549183 0.100523 0.997531 0.445335 0.189264 0.999687 0.368377
0 0.500781 0.148611 0.126563 0.119444 0.510453 0.136589 0.999327 0.534111 0.118661 0.998908 0.55301 0.103079 0.992839 0.445241 0.187529 0.999278 0.360751
0 0.0351562 0.730556 0.0546875 0.188889 0.0297804 0.699853 0.996254 0.0205524 0.659812 0.991141 0.0161384 0.63993 0.952251 0.0528181 0.806016 0.994179 0.358587
0 0.034375 0.726389 0.05625 0.197222 0.0306454 0.697251 0.997034 0.0208768 0.652898 0.991505 0.0161295 0.624421 0.927105 0.0567855 0.807397 0.9972 0.353289
0 0.501562 0.151389 0.128125 0.119444 0.51044 0.138127 0.998894 0.534294 0.12416 0.996749 0.550252 0.114681 0.970286 0.446459 0.187732 0.999071 0.324839
0 0.505469 0.138889 0.135937 0.111111 0.515461 0.137389 0.997933 0.543903 0.12264 0.996781 0.567434 0.117021 0.987636 0.445895 0.182382 0.995542 0.283802
0 0.0335938 0.716667 0.0578125 0.211111 0.030885 0.693608 0.997193 0.0187683 0.645842 0.991395 0.0128317 0.613218 0.915918 0.0594302 0.80866 0.996071 0.275703
0 0.0320312 0.709722 0.0609375 0.213889 0.0292192 0.686057 0.996672 0.0174109 0.640918 0.99077 0.0104755 0.611785 0.905725 0.0591739 0.805072 0.993173 0.265113
0 0.105469 0.0847222 0.0515625 0.169444 0.104319 0.0677658 0.992594 0.11147 0.113674 0.997424 0.117887 0.146009 0.992884 0 0 0.31635 0.251032
0 0.0867188 0.931944 0.0484375 0.113889 0.085905 0.925865 0.996616 0.0877267 0.943109 0.998629 0.0902836 0.950916 0.996195 0.0842453 0.899386 0.827509 0.224995
0 0.508594 0.134722 0.139062 0.108333 0.520518 0.136209 0.998524 0.546923 0.121537 0.99798 0.568515 0.111775 0.990582 0.454901 0.177147 0.995895 0.193947
0 0.678906 0.694444 0.0796875 0.2 0.670878 0.687028 0.999553 0.659257 0.657521 0.999269 0.652771 0.63687 0.994315 0.705396 0.779932 0.999361 0.186934
0 0.0875 0.930556 0.046875 0.111111 0.0842403 0.924205 0.998388 0.0867676 0.942174 0.999338 0.0897122 0.952606 0.997836 0.0827566 0.895728 0.831389 0.179337
0 0.0484375 0.261111 0.05 0.194444 0.0434022 0.250638 0.993411 0.0445446 0.288765 0.997321 0.0453811 0.321451 0.994623 0.044035 0.195961 0.751446 0.171531
0 0.0484375 0.263889 0.05 0.194444 0.0448299 0.251499 0.997137 0.0453078 0.29452 0.999006 0.0465935 0.330123 0.99796 0.0450635 0.183863 0.878571 0.163426
0 0.496875 0.151389 0.121875 0.119444 0.505267 0.139668 0.999602 0.528893 0.119335 0.999091 0.549064 0.103078 0.993213 0.443822 0.191103 0.999567 0.161427
0 0.105469 0.0847222 0.0515625 0.169444 0.100756 0.0663992 0.997546 0.10983 0.114198 0.999176 0.118002 0.149072 0.996848 0 0 0.2618 0.142133
0 0.678906 0.7 0.0796875 0.183333 0.673488 0.686024 0.997661 0.662259 0.650693 0.996166 0.65602 0.634353 0.984428 0.702591 0.781439 0.992192 0.140149
0 0.028125 0.683333 0.05625 0.183333 0.0276495 0.67527 0.992247 0.0183108 0.641062 0.98311 0.0129292 0.619866 0.886106 0.0520306 0.772152 0.982123 0.138905
0 0.084375 0.930556 0.046875 0.116667 0.0849246 0.924673 0.996009 0.0882298 0.944333 0.99731 0.0909956 0.952195 0.99168 0.0830072 0.893406 0.824715 0.128498
0 0.0328125 0.713889 0.0625 0.205556 0.0272484 0.683771 0.994187 0.017835 0.638173 0.984107 0.0143313 0.613534 0.904836 0.0525141 0.789574 0.986189 0.128312
0 0.629687 0.131944 0.046875 0.158333 0.630573 0.131173 0.990802 0.625458 0.16615 0.990065 0.621192 0.191112 0.978072 0.644172 0.0656836 0.813664 0.126209
0 0.0875 0.929167 0.046875 0.113889 0.0828905 0.925991 0.997749 0.0870711 0.944378 0.998586 0.0906204 0.953896 0.995364 0.081063 0.900351 0.730586 0.121385
0 0.677344 0.695833 0.0796875 0.197222 0.669937 0.689107 0.999005 0.65733 0.654844 0.997988 0.651074 0.631764 0.984979 0.704051 0.78541 0.999168 0.121297
0 0.678125 0.701389 0.078125 0.186111 0.670946 0.690642 0.998268 0.657917 0.657005 0.996848 0.650944 0.637003 0.98186 0.703332 0.784674 0.998777 0.118693
0 0.632812 0.127778 0.053125 0.15 0.63511 0.132879 0.994867 0.628311 0.168926 0.998206 0.622994 0.19026 0.996484 0.64355 0.0648314 0.789934 0.117553
0 0.63125 0.134722 0.046875 0.136111 0.634057 0.125614 0.980534 0.630072 0.160262 0.987045 0.62513 0.179803 0.978628 0.643236 0.0652366 0.722991 0.10361
