0 0.0265625 0.897222 0.053125 0.2 0.0157619 0.881695 0.989708 0.00497804 0.841946 0.94207 0 0 0.465747 0.0489067 0.988595 0.998463 0.730014
0 0.0234375 0.895833 0.046875 0.202778 0.0122196 0.879098 0.97774 0.00169333 0.839078 0.853254 0 0 0.271291 0.0459821 0.990544 0.997972 0.710694
0 0.0203125 0.201389 0.040625 0.263889 0.019672 0.182764 0.995887 0.0159613 0.120398 0.974958 0.0191361 0.084356 0.673581 0.0325237 0.325999 0.999285 0.671325
0 0.0226563 0.894444 0.0453125 0.205556 0.0127397 0.879099 0.984379 0.00245933 0.840342 0.903538 0 0 0.370522 0.0460708 0.989291 0.99841 0.666913
0 0.0203125 0.198611 0.040625 0.269444 0.0191269 0.182508 0.995674 0.0162372 0.118346 0.968503 0.0209564 0.0777629 0.617395 0.0306987 0.325005 0.999392 0.642712
0 0.0203125 0.2 0.0375 0.266667 0.0111101 0.181864 0.976934 0.00656621 0.122907 0.913169 0.0104573 0.0894247 0.509784 0.0278999 0.325124 0.99628 0.625234
0 0.0210938 0.202778 0.0390625 0.266667 0.0207783 0.180304 0.994625 0.0166743 0.1175 0.976312 0.0187438 0.0851748 0.765065 0.0338014 0.32893 0.998489 0.62307
0 0.025 0.894444 0.05 0.205556 0.0167146 0.880104 0.994812 0.00559979 0.838358 0.963557 0 0 0.499968 0.0503001 0.991067 0.999208 0.620367
0 0.0234375 0.9 0.046875 0.2 0.0131534 0.875945 0.922797 0.00300111 0.832718 0.610096 0 0 0.17022 0.0429078 0.986745 0.98977 0.616865
0 0.0203125 0.202778 0.0375 0.272222 0.0127894 0.181826 0.973427 0.00811924 0.121681 0.897439 0 0 0.488602 0.0286648 0.327241 0.994555 0.616764
0 0.028125 0.901389 0.05625 0.197222 0.0155332 0.876401 0.972542 0.00644867 0.834649 0.835929 0 0 0.298412 0.0454458 0.990702 0.995204 0.60416
0 0.0203125 0.2 0.040625 0.266667 0.010727 0.180781 0.967519 0.00607257 0.121531 0.887583 0 0 0.492231 0.0281899 0.320787 0.99583 0.599334
0 0.528125 0.263889 0.16875 0.177778 0.528967 0.241881 0.999682 0.564889 0.216517 0.998713 0.590248 0.205662 0.975319 0.443122 0.340712 0.987798 0.582494
0 0.071875 0.206944 0.05 0.213889 0.0695869 0.190863 0.999007 0.0683153 0.143304 0.997488 0.0703202 0.110315 0.973439 0.0741083 0.30245 0.999656 0.580227
0 0.0726563 0.206944 0.0453125 0.213889 0.0689613 0.192982 0.999101 0.0669971 0.144601 0.998169 0.0675029 0.113912 0.984434 0.0751484 0.305321 0.999533 0.555114
0 0.0203125 0.195833 0.040625 0.269444 0.0112366 0.173171 0.937934 0.00724354 0.115204 0.805826 0 0 0.412245 0.0278783 0.308815 0.993468 0.481629
0 0.0710938 0.205556 0.0546875 0.216667 0.0696124 0.189227 0.999147 0.0698994 0.144482 0.997863 0.0738625 0.112012 0.982484 0.0717529 0.292795 0.999702 0.473256
0 0.0203125 0.888889 0.040625 0.211111 0.0118828 0.877558 0.98295 0.00250939 0.844767 0.900115 0 0 0.413695 0.0434102 0.978799 0.996322 0.460601
0 0.0726563 0.206944 0.0453125 0.219444 0.0663161 0.186698 0.997699 0.0632504 0.134303 0.995372 0.0628515 0.1062 0.975929 0.0754694 0.30775 0.997813 0.44295
0 0.0367187 0.901389 0.0671875 0.197222 0.0193481 0.890138 0.992701 0.00809253 0.854502 0.957634 0.00610163 0.831098 0.633508 0.0523641 0.981617 0.998835 0.442934
0 0.0210938 0.190278 0.0421875 0.280556 0.0179378 0.174853 0.991696 0.0159358 0.110045 0.939383 0.0227048 0.0663259 0.507121 0.0304424 0.315033 0.999047 0.428693
0 0.528906 0.263889 0.173438 0.177778 0.531833 0.244059 0.999619 0.570383 0.219995 0.999111 0.597779 0.205655 0.989438 0.43866 0.332593 0.982657 0.417084
0 0.0234375 0.891667 0.046875 0.216667 0.0151763 0.877018 0.994966 0.00396171 0.837588 0.96275 0.00367586 0.810487 0.531503 0.047924 0.979676 0.998947 0.410628
0 0.0203125 0.208333 0.0375 0.261111 0.0155084 0.183031 0.879906 0.010524 0.125257 0.674525 0 0 0.346187 0.029755 0.324538 0.971544 0.396992
0 0.683594 0.808333 0.0796875 0.177778 0.67756 0.807924 0.99973 0.669881 0.790463 0.999669 0.665632 0.778648 0.998106 0.704922 0.870817 0.998915 0.361547
0 0.528906 0.2625 0.176563 0.186111 0.534752 0.242884 0.999907 0.569636 0.217963 0.999781 0.595568 0.20074 0.99679 0.445966 0.320982 0.995968 0.355097
0 0.526563 0.258333 0.178125 0.177778 0.533107 0.245128 0.999596 0.572122 0.222987 0.999388 0.599328 0.212195 0.993111 0.440432 0.317276 0.95647 0.351202
0 0.525 0.266667 0.171875 0.177778 0.534153 0.241792 0.99968 0.567259 0.219072 0.999273 0.591155 0.203989 0.992105 0.448641 0.322605 0.993445 0.323931
0 0.682813 0.806944 0.078125 0.180556 0.677141 0.811963 0.999173 0.669497 0.791909 0.999069 0.664763 0.779329 0.995645 0.70121 0.875194 0.99726 0.312835
0 0.528906 0.2625 0.176563 0.186111 0.535984 0.243304 0.999889 0.57518 0.220945 0.999793 0.604664 0.204809 0.997401 0.442668 0.324999 0.986834 0.295107
0 0.0359375 0.897222 0.06875 0.205556 0.0209427 0.887414 0.997256 0.00777475 0.848135 0.981597 0.00477954 0.820389 0.754712 0.0551359 0.984019 0.999571 0.279152
0 0.0695312 0.201389 0.0578125 0.225 0.069115 0.181511 0.998863 0.0704099 0.135446 0.996707 0.0766256 0.101941 0.974542 0.0725498 0.287001 0.9996 0.271682
0 0.8 0.811111 0.084375 0.138889 0.795546 0.822661 0.999101 0.780474 0.851975 0.998754 0.772019 0.867463 0.99275 0.830201 0.758991 0.997568 0.268661
0 0.683594 0.805556 0.0796875 0.183333 0.675884 0.804945 0.999849 0.669579 0.791686 0.999803 0.666237 0.784934 0.998626 0.700132 0.86067 0.996947 0.266386
0 0.683594 0.808333 0.0796875 0.177778 0.676828 0.809981 0.999388 0.66877 0.790137 0.999271 0.66444 0.77616 0.996164 0.702845 0.872284 0.998544 0.262094
0 0.0734375 0.208333 0.05 0.205556 0.0732905 0.193394 0.998594 0.06988 0.147515 0.996639 0.071163 0.116078 0.975598 0.0780371 0.300035 0.999427 0.259599
0 0.0226563 0.206944 0.0390625 0.263889 0.023908 0.177562 0.974896 0.0187152 0.117265 0.927616 0.0198632 0.0903681 0.703155 0.0357994 0.329643 0.988059 0.254818
0 0.682813 0.809722 0.078125 0.175 0.678375 0.809454 0.999709 0.670869 0.792073 0.99963 0.665762 0.780362 0.997821 0.702919 0.872559 0.997751 0.249792
0 0.527344 0.263889 0.176563 0.177778 0.531836 0.243567 0.999685 0.567912 0.220069 0.999233 0.593425 0.204229 0.991452 0.443009 0.327232 0.992848 0.239302
0 0.682813 0.808333 0.078125 0.177778 0.678067 0.806528 0.999776 0.671833 0.789605 0.999644 0.66815 0.781418 0.997297 0.700226 0.869743 0.994922 0.229323
0 0.682813 0.806944 0.08125 0.186111 0.675963 0.805977 0.999795 0.66946 0.796462 0.999721 0.668658 0.791336 0.998041 0.701919 0.852282 0.998934 0.227873
0 0.526563 0.266667 0.175 0.177778 0.528166 0.242023 0.999589 0.561523 0.220247 0.99862 0.58409 0.208496 0.981975 0.448794 0.334628 0.991828 0.22765
0 0.8 0.811111 0.08125 0.133333 0.796007 0.823418 0.995195 0.781488 0.852616 0.993097 0.773105 0.869133 0.964715 0.830614 0.756416 0.993533 0.215776
0 0.071875 0.206944 0.053125 0.213889 0.0739708 0.187431 0.998872 0.0727484 0.145458 0.997591 0.0757862 0.114815 0.985954 0.0751571 0.287772 0.999376 0.209718
0 0.799219 0.811111 0.0828125 0.138889 0.795631 0.822257 0.997964 0.781761 0.850611 0.997337 0.773719 0.865495 0.984969 0.829014 0.759091 0.997 0.201581
0 0.0203125 0.891667 0.040625 0.205556 0.0137267 0.870269 0.835937 0.00836729 0.833753 0.73991 0.00307761 0.817634 0.539603 0.0421654 0.980262 0.941665 0.198987
0 0.570312 0.398611 0.046875 0.158333 0.570419 0.402403 0.991687 0.574608 0.440091 0.99015 0.577745 0.464222 0.962292 0.562137 0.338615 0.88103 0.193907
0 0.0734375 0.208333 0.046875 0.205556 0.0728541 0.198107 0.99762 0.0681525 0.152774 0.995754 0.0675047 0.125604 0.978116 0.0796609 0.301707 0.998888 0.191949
0 0.678906 0.618056 0.0640625 0.0527778 0.677972 0.619213 0.997688 0.684006 0.619585 0.998462 0.68995 0.616239 0.99694 0.666178 0.622232 0.97921 0.169196
0 0.8 0.808333 0.08125 0.138889 0.797608 0.820971 0.993402 0.782828 0.84901 0.993455 0.773304 0.862946 0.972193 0.831082 0.750152 0.987553 0.167693
0 0.799219 0.808333 0.0828125 0.138889 0.797037 0.823761 0.994309 0.782147 0.850333 0.994987 0.771842 0.864206 0.980029 0.831296 0.755053 0.991714 0.162526
0 0.682031 0.806944 0.0796875 0.186111 0.674362 0.809478 0.999646 0.666082 0.792375 0.999466 0.66342 0.781803 0.996256 0.703752 0.864703 0.998959 0.151195
0 0.800781 0.808333 0.0859375 0.138889 0.796795 0.821836 0.997637 0.780757 0.849223 0.997438 0.771373 0.863731 0.987601 0.832983 0.755341 0.995586 0.14879
0 0.569531 0.390278 0.0515625 0.169444 0.570514 0.398762 0.995367 0.575376 0.43639 0.996888 0.58015 0.463546 0.990437 0.565019 0.331983 0.929751 0.141148
0 0.569531 0.395833 0.0484375 0.158333 0.571101 0.399579 0.988687 0.575379 0.435974 0.991049 0.578469 0.459602 0.975231 0.564562 0.336186 0.931156 0.138996
0 0.678125 0.622222 0.065625 0.0611111 0.679264 0.616597 0.997707 0.68713 0.61961 0.998786 0.693713 0.620911 0.997786 0.666668 0.621804 0.956416 0.135177
0 0.0195312 0.184722 0.0390625 0.275 0.0120576 0.160085 0.809841 0.0090193 0.107168 0.550386 0 0 0.243392 0.0271632 0.291509 0.983126 0.131887
0 0.676562 0.618056 0.0625 0.0527778 0.676917 0.619282 0.997646 0.682779 0.620849 0.998435 0.689057 0.620097 0.996798 0.668778 0.621057 0.964113 0.125147
0 0.683594 0.809722 0.0765625 0.175 0.680595 0.808423 0.99852 0.67439 0.78462 0.998352 0.670919 0.774751 0.994084 0.699713 0.879079 0.983668 0.120838
0 0.682031 0.804167 0.0796875 0.191667 0.674779 0.80361 0.999875 0.669511 0.797578 0.999834 0.669818 0.796802 0.998782 0.697044 0.839984 0.996034 0.116704
0 0.527344 0.256944 0.176563 0.180556 0.535614 0.242539 0.999696 0.57531 0.223438 0.99962 0.604642 0.211253 0.996058 0.441529 0.304783 0.96175 0.108726
0 0.570312 0.397222 0.046875 0.161111 0.572259 0.401665 0.995892 0.57623 0.441732 0.995325 0.578883 0.467191 0.980733 0.563367 0.331652 0.875955 0.105947
0 0.0664062 0.202778 0.0546875 0.238889 0.0594965 0.177035 0.999674 0.057728 0.114838 0.998902 0.0592671 0.0757875 0.988229 0.0691881 0.322268 0.999884 0.100811
