0 0.833594 0.905556 0.117188 0.166667 0.841281 0.905134 0.999858 0.81644 0.924846 0.999891 0.799067 0.936304 0.999489 0.88498 0.855339 0.999316 0.692391
0 0.0703125 0.579167 0.13125 0.0861111 0.0748576 0.571278 0.996762 0.10048 0.587736 0.99689 0.119754 0.596269 0.988367 0.0376321 0.564331 0.649509 0.667902
0 0.610937 0.8 0.078125 0.194444 0.613954 0.796012 0.999371 0.606563 0.760561 0.999465 0.601744 0.741597 0.997571 0.627887 0.881688 0.98764 0.655361
0 0.834375 0.904167 0.1125 0.158333 0.839344 0.910315 0.999274 0.816812 0.933639 0.999315 0.800933 0.948488 0.99632 0.887071 0.849505 0.998598 0.641105
0 0.8375 0.902778 0.10625 0.155556 0.84113 0.91277 0.998381 0.821141 0.938096 0.998659 0.806345 0.952814 0.993936 0.886278 0.845997 0.991041 0.63319
0 0.8375 0.906944 0.10625 0.158333 0.839787 0.912494 0.998987 0.819143 0.940232 0.998419 0.804655 0.955558 0.987301 0.887288 0.845693 0.994412 0.633176
0 0.0695312 0.575 0.132812 0.0888889 0.0717451 0.566301 0.999126 0.0975197 0.576523 0.998583 0.117387 0.582821 0.989301 0.0400017 0.561823 0.769855 0.627466
0 0.835156 0.905556 0.110937 0.161111 0.840598 0.907824 0.99961 0.817611 0.931238 0.9997 0.803482 0.949553 0.998793 0.88566 0.847499 0.997088 0.625778
0 0.0710938 0.577778 0.129688 0.0888889 0.0734426 0.569504 0.99809 0.0984306 0.585938 0.997206 0.116536 0.593657 0.983379 0.0440577 0.567638 0.509667 0.62124
0 0.611719 0.798611 0.0765625 0.202778 0.614686 0.796211 0.999663 0.607625 0.767064 0.999682 0.60352 0.749801 0.998373 0.630229 0.867722 0.993515 0.599449
0 0.0695312 0.576389 0.132812 0.0861111 0.0749484 0.568805 0.998988 0.0971295 0.582806 0.997805 0.113684 0.590771 0.981712 0.04636 0.570449 0.671616 0.598014
0 0.611719 0.8 0.0765625 0.194444 0.615142 0.798018 0.999457 0.607408 0.76336 0.99959 0.600657 0.74326 0.99832 0.630571 0.879784 0.989182 0.589473
0 0.610937 0.8 0.075 0.2 0.615035 0.796558 0.999217 0.607621 0.760537 0.99944 0.600242 0.740978 0.997716 0.629193 0.878929 0.964778 0.58938
0 0.0710938 0.576389 0.132812 0.0916667 0.0726488 0.568804 0.997885 0.0995444 0.583321 0.998449 0.120929 0.59078 0.993883 0.0311891 0.55575 0.798556 0.581577
0 0.071875 0.575 0.13125 0.0888889 0.0714534 0.567431 0.998713 0.0991176 0.581056 0.998773 0.121174 0.587064 0.993033 0.0374906 0.557011 0.63695 0.576148
0 0.835938 0.906944 0.1125 0.158333 0.838818 0.91025 0.999374 0.816169 0.93669 0.999102 0.800709 0.952029 0.99258 0.886579 0.849715 0.998684 0.555417
0 0.611719 0.801389 0.0765625 0.197222 0.615204 0.797263 0.999458 0.608116 0.761144 0.999622 0.601148 0.740521 0.998542 0.631021 0.877687 0.986001 0.553146
0 0.834375 0.906944 0.115625 0.163889 0.840639 0.909136 0.9998 0.814414 0.93415 0.999707 0.796629 0.947619 0.997563 0.887301 0.85583 0.999364 0.548476
0 0.611719 0.798611 0.0765625 0.202778 0.61357 0.793664 0.999665 0.607631 0.76654 0.9997 0.604626 0.751291 0.998602 0.628617 0.859779 0.993192 0.525402
0 0.610937 0.798611 0.078125 0.197222 0.613861 0.796168 0.99962 0.60669 0.764746 0.999629 0.602937 0.746585 0.997936 0.629603 0.874907 0.992438 0.523359
0 0.611719 0.8 0.0765625 0.2 0.615967 0.797792 0.998782 0.608505 0.757774 0.999236 0.600214 0.735647 0.997317 0.631071 0.880841 0.92734 0.516792
0 0.0695312 0.570833 0.129688 0.0916667 0.0689038 0.567848 0.999312 0.087487 0.576284 0.99815 0.102572 0.583223 0.983272 0.0501699 0.574567 0.889098 0.509279
0 0.83125 0.908333 0.11875 0.166667 0.833539 0.902848 0.999833 0.807519 0.921833 0.999808 0.790051 0.933111 0.998754 0.879858 0.869104 0.999134 0.472469
0 0.0679687 0.572222 0.129688 0.0888889 0.0671435 0.564857 0.999224 0.089451 0.571074 0.998233 0.105854 0.577245 0.98554 0.040939 0.568769 0.86518 0.4491
0 0.0726563 0.583333 0.129688 0.0777778 0.0802303 0.576796 0.996404 0.1018 0.589182 0.99777 0.119088 0.599046 0.994685 0.0495973 0.569076 0.859216 0.447872
0 0.834375 0.909722 0.1125 0.163889 0.837502 0.910861 0.998487 0.815464 0.938864 0.994114 0.803159 0.956655 0.93146 0.88532 0.853588 0.998519 0.432964
0 0.610937 0.793056 0.078125 0.208333 0.61304 0.789537 0.999831 0.6048 0.764859 0.999837 0.602101 0.757302 0.998961 0.633089 0.855427 0.989761 0.430786
0 0.832812 0.909722 0.11875 0.163889 0.836369 0.911302 0.999554 0.810641 0.938772 0.998133 0.795487 0.956171 0.971328 0.888897 0.85748 0.999538 0.304679
0 0.071875 0.577778 0.128125 0.0888889 0.0772422 0.575039 0.99735 0.0998782 0.586846 0.998619 0.117987 0.595991 0.996342 0.037953 0.559988 0.928185 0.256836
0 0.0453125 0.472222 0.078125 0.0555556 0.0487317 0.481489 0.992192 0.0664961 0.48533 0.995376 0.0817836 0.488156 0.990634 0.02074 0.477001 0.761476 0.243391
0 0.0445312 0.470833 0.0828125 0.0583333 0.0483099 0.479658 0.994109 0.0651529 0.481989 0.996746 0.0774937 0.481732 0.993019 0.0226795 0.479952 0.781268 0.220353
0 0.04375 0.469444 0.08125 0.0611111 0.0466348 0.475932 0.992358 0.0600201 0.479987 0.993739 0.0686982 0.482725 0.980929 0.0357444 0.486626 0.698839 0.193847
0 0.04375 0.465278 0.08125 0.0694444 0.0441929 0.466501 0.987481 0.055607 0.472191 0.992812 0.0646352 0.47457 0.981206 0.0417407 0.474013 0.672213 0.181774
0 0.202344 0.583333 0.117188 0.05 0.219158 0.581617 0.995018 0.235207 0.583072 0.994609 0.248221 0.582084 0.985681 0.184952 0.58723 0.981096 0.129502
0 0.0445312 0.466667 0.0828125 0.0722222 0.0467291 0.470765 0.991025 0.0606504 0.474484 0.996668 0.071295 0.474774 0.99419 0.029592 0.469357 0.733786 0.121117
0 0.195312 0.593056 0.125 0.0472222 0.178365 0.58452 0.997312 0.157759 0.587944 0.994564 0.151418 0.592854 0.985259 0.24003 0.585785 0.998927 0.115468
