0 0.960938 0.719444 0.0375 0.172222 0.967868 0.706819 0.997187 0.964277 0.672805 0.996842 0.960507 0.650252 0.987316 0.969767 0.785057 0.997127 0.671791
0 0.960156 0.725 0.0390625 0.166667 0.96762 0.707611 0.993955 0.964249 0.667678 0.993475 0.959984 0.644363 0.977289 0.968924 0.789319 0.993798 0.663709
0 0.960938 0.718056 0.0375 0.175 0.968397 0.706888 0.996999 0.964545 0.67357 0.99651 0.961545 0.650287 0.987982 0.969906 0.782175 0.995931 0.644159
0 0.960938 0.719444 0.0375 0.172222 0.969847 0.705394 0.997708 0.966466 0.668397 0.998074 0.961384 0.643303 0.993834 0.967992 0.784302 0.997404 0.621275
0 0.671094 0.326389 0.0484375 0.175 0.674041 0.332639 0.99923 0.668826 0.37167 0.999361 0.665754 0.398324 0.997464 0.682938 0.248825 0.997065 0.61919
0 0.961719 0.716667 0.0390625 0.177778 0.96911 0.704234 0.997657 0.96477 0.672518 0.997223 0.963923 0.651552 0.988656 0.969547 0.775505 0.992818 0.6053
0 0.960938 0.722222 0.0375 0.166667 0.969433 0.706982 0.995729 0.966092 0.664909 0.996644 0.960238 0.640155 0.990701 0.968814 0.787951 0.991415 0.563623
0 0.961719 0.718056 0.0359375 0.175 0.969965 0.705819 0.998635 0.966238 0.67029 0.998808 0.962978 0.64431 0.996192 0.968659 0.782124 0.997956 0.558282
0 0.0117188 0.495833 0.0234375 0.191667 0 0 0.468602 0.00445397 0.548946 0.833838 0.00903777 0.573893 0.922364 0 0 0.190797 0.517559
0 0.671094 0.336111 0.0515625 0.155556 0.67659 0.333428 0.999367 0.668979 0.372619 0.999497 0.664076 0.396228 0.99833 0.68581 0.248471 0.996732 0.480983
0 0.960938 0.716667 0.0375 0.177778 0.969337 0.703171 0.999209 0.965194 0.667825 0.999204 0.963975 0.643323 0.99657 0.969414 0.77807 0.997378 0.470712
0 0.0117188 0.497222 0.0234375 0.188889 0 0 0.419423 0.00394891 0.547197 0.765725 0.00809432 0.571454 0.880733 0 0 0.172443 0.449694
0 0.670313 0.329167 0.05 0.169444 0.676088 0.330972 0.998734 0.670307 0.369648 0.999331 0.66528 0.39683 0.997845 0.682508 0.243883 0.996581 0.448801
0 0.664844 0.519444 0.0984375 0.2 0.67003 0.501123 0.999701 0.683772 0.464855 0.999763 0.693375 0.442649 0.998864 0.630301 0.588468 0.998247 0.444605
0 0.672656 0.322222 0.0484375 0.183333 0.676023 0.329373 0.999132 0.669697 0.369536 0.999622 0.665616 0.397463 0.998968 0.682151 0.239878 0.995846 0.437562
0 0.0117188 0.498611 0.0234375 0.191667 0.00359432 0.514322 0.6151 0.00528902 0.550126 0.914014 0.00923672 0.576814 0.958429 0 0 0.206156 0.433149
0 0.667188 0.513889 0.1 0.194444 0.672713 0.497929 0.999658 0.68756 0.463952 0.999641 0.700652 0.439932 0.998108 0.627233 0.580446 0.995384 0.417876
0 0.667188 0.518056 0.1 0.197222 0.670313 0.500344 0.999784 0.686079 0.462742 0.999737 0.698708 0.43821 0.998555 0.627072 0.588708 0.999146 0.413049
0 0.667188 0.515278 0.1 0.197222 0.672599 0.497935 0.999722 0.685708 0.463022 0.999809 0.696455 0.439053 0.999198 0.631087 0.584371 0.997403 0.406822
0 0.667969 0.515278 0.0984375 0.197222 0.670334 0.501605 0.999541 0.685537 0.462161 0.999567 0.698522 0.438271 0.99827 0.628845 0.590991 0.997621 0.375822
0 0.667969 0.513889 0.101562 0.194444 0.670296 0.500435 0.999783 0.686257 0.464978 0.999649 0.700944 0.439394 0.997851 0.625067 0.582575 0.998585 0.362379
0 0.102344 0.461111 0.0296875 0.15 0.100341 0.467953 0.998643 0.105456 0.500133 0.999212 0.108562 0.521957 0.998006 0.0890659 0.3988 0.981648 0.343579
0 0.670313 0.334722 0.05 0.158333 0.676592 0.332611 0.99955 0.668925 0.371614 0.99983 0.6627 0.397406 0.999534 0.68315 0.242503 0.997263 0.336133
0 0.671094 0.330556 0.0484375 0.161111 0.675402 0.331609 0.999574 0.668312 0.370271 0.999849 0.663528 0.396539 0.99965 0.680043 0.2432 0.99315 0.319672
0 0.684375 0.145833 0.103125 0.0527778 0.68082 0.148115 0.995773 0.663111 0.14968 0.997046 0.6517 0.148698 0.992921 0.725033 0.147995 0.983419 0.318664
0 0.101562 0.461111 0.03125 0.15 0.100879 0.466971 0.998067 0.106741 0.499751 0.998928 0.110447 0.522229 0.997647 0.0869478 0.39908 0.981958 0.305451
0 0.663281 0.518056 0.0953125 0.208333 0.671032 0.507215 0.999611 0.673163 0.488935 0.999778 0.673436 0.483535 0.999263 0.654548 0.56604 0.974808 0.296929
0 0.0117188 0.497222 0.0234375 0.194444 0.00417477 0.507964 0.781798 0.00552878 0.546345 0.937046 0.0103212 0.575453 0.955457 0 0 0.287936 0.296397
0 0.665625 0.518056 0.1 0.202778 0.671965 0.501848 0.999801 0.681122 0.471578 0.999892 0.687081 0.451788 0.999496 0.638405 0.583055 0.995168 0.293329
0 0.834375 0.715278 0.065625 0.0805556 0.8364 0.714487 0.99849 0.831259 0.71096 0.999295 0.827972 0.708474 0.998325 0.854859 0.738553 0.942883 0.292367
0 0.834375 0.716667 0.065625 0.0777778 0.836254 0.714693 0.995916 0.833573 0.712119 0.998346 0.83161 0.709434 0.996506 0.851061 0.734007 0.925249 0.272529
0 0.835156 0.718056 0.0671875 0.0805556 0.835592 0.714397 0.995603 0.835553 0.714072 0.997822 0.834672 0.713675 0.995461 0.845384 0.726692 0.88396 0.25336
0 0.1 0.461111 0.03125 0.155556 0.10147 0.466373 0.997943 0.106707 0.498745 0.999226 0.110286 0.520749 0.998403 0.0875731 0.397147 0.979562 0.25032
0 0.685156 0.144444 0.101562 0.05 0.682485 0.147165 0.997368 0.662528 0.14981 0.997964 0.648525 0.149934 0.99405 0.727883 0.14973 0.990659 0.247561
0 0.96875 0.723611 0.0375 0.175 0.970878 0.716173 0.98328 0.970578 0.67687 0.973171 0.967591 0.659159 0.937245 0.977113 0.798639 0.957607 0.240296
0 0.220313 0.793056 0.028125 0.152778 0.218747 0.808051 0.995301 0.222508 0.847296 0.995867 0.226505 0.871866 0.984206 0.213199 0.720765 0.9939 0.233599
0 0.835156 0.715278 0.0671875 0.0805556 0.835426 0.712346 0.997672 0.833242 0.712963 0.998648 0.830378 0.713583 0.997024 0.850232 0.73123 0.901405 0.230918
0 0.666406 0.519444 0.0984375 0.2 0.67227 0.506841 0.999837 0.677127 0.481612 0.999923 0.680328 0.467835 0.999618 0.64849 0.572052 0.98941 0.227684
0 0.220313 0.793056 0.028125 0.158333 0.218453 0.81453 0.994166 0.223901 0.856838 0.990897 0.229467 0.884024 0.95135 0.211933 0.726451 0.989713 0.209837
0 0.710938 0.6875 0.075 0.0472222 0.713722 0.686442 0.99819 0.728916 0.685224 0.998366 0.741492 0.68264 0.996428 0.676642 0.694981 0.994725 0.195537
0 0.101562 0.465278 0.034375 0.147222 0.101057 0.468268 0.997947 0.105754 0.499056 0.998609 0.109261 0.519232 0.996674 0.091441 0.404721 0.9856 0.195171
0 0.100781 0.4625 0.0359375 0.147222 0.101773 0.465792 0.997322 0.107407 0.498026 0.998184 0.111714 0.518403 0.995765 0.0906668 0.399655 0.985646 0.194464
0 0.684375 0.145833 0.103125 0.0472222 0.682753 0.146491 0.997813 0.660659 0.148824 0.997665 0.646549 0.150535 0.992553 0.729045 0.149672 0.994266 0.177155
0 0.835938 0.716667 0.065625 0.0777778 0.837617 0.717733 0.995474 0.837097 0.714868 0.998573 0.838242 0.71256 0.997587 0.846865 0.731585 0.884549 0.173185
0 0.710938 0.6875 0.075 0.0472222 0.715123 0.687488 0.997907 0.730188 0.687005 0.998019 0.741469 0.684038 0.995271 0.676019 0.69457 0.995275 0.167762
0 0.101562 0.459722 0.0375 0.141667 0.102683 0.46545 0.996387 0.108734 0.494255 0.995926 0.11041 0.51873 0.989666 0.0972689 0.406124 0.95301 0.161923
0 0.835156 0.713889 0.0703125 0.0777778 0.833939 0.70828 0.994268 0.831656 0.706321 0.994883 0.830478 0.712906 0.986913 0.849598 0.724821 0.928965 0.152906
0 0.836719 0.718056 0.0640625 0.0805556 0.837817 0.715544 0.99237 0.83938 0.716654 0.996969 0.841459 0.718666 0.995416 0.843704 0.724497 0.810906 0.149588
0 0.1 0.459722 0.0375 0.152778 0.102892 0.465688 0.996512 0.107749 0.498409 0.998287 0.112012 0.518251 0.996692 0.0893275 0.397047 0.97838 0.149126
0 0.0132813 0.502778 0.0265625 0.188889 0.00756214 0.507683 0.860124 0.011251 0.544318 0.904056 0.0119473 0.569955 0.925471 0.00965583 0.451289 0.564037 0.141434
0 0.967188 0.723611 0.0375 0.169444 0.96972 0.706305 0.979109 0.969567 0.665948 0.978345 0.965561 0.645804 0.95358 0.97501 0.781242 0.933024 0.13668
0 0.224219 0.794444 0.0296875 0.161111 0.220665 0.82341 0.999182 0.226332 0.865502 0.998488 0.232014 0.894798 0.989002 0.211872 0.731929 0.994064 0.123411
0 0.220313 0.795833 0.028125 0.152778 0.220476 0.804433 0.997342 0.223867 0.84339 0.997264 0.227884 0.868765 0.989649 0.214167 0.715613 0.997494 0.121688
0 0.0140625 0.506944 0.028125 0.191667 0.0131875 0.50597 0.881543 0.014821 0.548491 0.94333 0.0147346 0.572295 0.958985 0 0 0.488055 0.109486
0 0.711719 0.680556 0.0796875 0.0444444 0.716273 0.686858 0.997739 0.731382 0.68442 0.998325 0.744162 0.679745 0.996543 0.675025 0.692846 0.995851 0.103152
0 0.83125 0.709722 0.071875 0.075 0.827332 0.705362 0.996234 0.8263 0.702222 0.996629 0.824767 0.710332 0.991571 0.838549 0.720249 0.945005 0.102341
0 0.259375 0.568056 0.021875 0.180556 0.262394 0.57982 0.998185 0.261176 0.614864 0.999056 0.260809 0.635879 0.99703 0.258894 0.493988 0.997667 0.100086
