0 0.0835937 0.331944 0.104687 0.0583333 0.0766849 0.322165 0.999235 0.0560135 0.322696 0.998762 0.0430976 0.32228 0.99384 0.129008 0.344606 0.994664 0.678699
0 0.0835937 0.331944 0.104687 0.0583333 0.077008 0.327229 0.99912 0.0547199 0.325759 0.999083 0.0403715 0.321405 0.995868 0.13653 0.346386 0.996211 0.649283
0 0.0835937 0.331944 0.104687 0.0638889 0.0764491 0.324804 0.99876 0.0544606 0.323738 0.998302 0.040334 0.321105 0.992213 0.135085 0.346708 0.99548 0.63161
0 0.0828125 0.338889 0.103125 0.0555556 0.078787 0.332386 0.999579 0.0577045 0.331068 0.999533 0.0455794 0.327772 0.997857 0.135918 0.349375 0.99705 0.550528
0 0.634375 0.729167 0.11875 0.158333 0.630537 0.745906 0.999646 0.605266 0.767535 0.999717 0.590395 0.781339 0.999003 0.684063 0.68193 0.999612 0.413038
0 0.634375 0.731944 0.11875 0.163889 0.629735 0.750786 0.999642 0.603234 0.769648 0.999719 0.588942 0.779998 0.999243 0.685438 0.688984 0.999542 0.381634
0 0.634375 0.727778 0.11875 0.161111 0.628914 0.746523 0.99971 0.605818 0.76854 0.999726 0.592114 0.780905 0.998792 0.680109 0.683876 0.999703 0.376829
0 0.635156 0.727778 0.117188 0.161111 0.630661 0.743262 0.999792 0.607376 0.764989 0.999829 0.591937 0.778908 0.99919 0.682778 0.678959 0.999722 0.366962
0 0.634375 0.729167 0.11875 0.163889 0.62736 0.750517 0.999844 0.603261 0.7743 0.99983 0.589315 0.78987 0.999176 0.681062 0.684333 0.999815 0.3631
0 0.635156 0.725 0.117188 0.161111 0.627132 0.744823 0.999678 0.60375 0.766282 0.999633 0.58931 0.780399 0.998575 0.683551 0.675924 0.999698 0.361918
0 0.633594 0.729167 0.117188 0.163889 0.628188 0.745003 0.999831 0.605038 0.770303 0.999817 0.590709 0.786884 0.998895 0.679406 0.681005 0.999793 0.353312
0 0.0804688 0.3375 0.0984375 0.0694444 0.0745912 0.329935 0.992785 0.058376 0.322923 0.990725 0.0454721 0.327073 0.975875 0.11964 0.352568 0.965468 0.325398
0 0.634375 0.727778 0.115625 0.161111 0.629107 0.744342 0.999722 0.607209 0.767445 0.999772 0.592565 0.78057 0.998771 0.678743 0.680211 0.999655 0.321831
0 0.235156 0.05 0.104687 0.1 0.237223 0.0340939 0.997332 0.233933 0.0469448 0.99824 0.231674 0.0567539 0.991024 0 0 0.439227 0.319059
0 0.242188 0.0458333 0.090625 0.0916667 0.24475 0.0342277 0.995271 0.248125 0.042253 0.996769 0.251308 0.0468014 0.98629 0.232673 0.0525669 0.565576 0.301441
0 0.634375 0.726389 0.115625 0.163889 0.627728 0.743502 0.999458 0.60541 0.766561 0.999501 0.591563 0.779581 0.997645 0.680349 0.677867 0.999414 0.300167
0 0.238281 0.0472222 0.0984375 0.0944444 0.24282 0.0349617 0.997043 0.242862 0.0457254 0.998373 0.242481 0.052667 0.993631 0 0 0.473691 0.295343
0 0.157813 0.355556 0.06875 0.0444444 0.163069 0.354985 0.988129 0.175691 0.359387 0.989268 0.186725 0.360705 0.984104 0.138303 0.353462 0.990828 0.258593
0 0.2375 0.0472222 0.103125 0.0944444 0.241242 0.0350331 0.995731 0.240007 0.0502707 0.997079 0.237724 0.0611614 0.988919 0 0 0.313331 0.218682
0 0.235156 0.05 0.107813 0.1 0.235238 0.034977 0.996291 0.231084 0.0498686 0.996702 0.226629 0.0612032 0.983284 0 0 0.297652 0.216219
0 0.248437 0.0444444 0.08125 0.0888889 0.246 0.0307809 0.980622 0.250244 0.0346256 0.987383 0.255547 0.0403714 0.966872 0.236008 0.0503078 0.626844 0.215198
0 0.240625 0.0458333 0.09375 0.0916667 0.244243 0.0357303 0.993245 0.246702 0.0462274 0.995241 0.248589 0.0539784 0.983173 0 0 0.429136 0.210979
0 0.0796875 0.341667 0.103125 0.0666667 0.0790808 0.332453 0.997035 0.0638854 0.331673 0.996489 0.0504218 0.338261 0.988718 0.123451 0.349592 0.970942 0.203144
0 0.935938 0.913889 0.128125 0.172222 0.94441 0.940777 0.991485 0.921463 0.980146 0.980334 0.905331 1 0.80109 0 0 0.437387 0.192555
0 0.673437 0.595833 0.096875 0.102778 0.67951 0.584164 0.999703 0.657589 0.563766 0.9997 0.641706 0.552475 0.998816 0.725935 0.643945 0.996173 0.178996
0 0.0804688 0.330556 0.107813 0.0611111 0.0727663 0.31879 0.996243 0.0619078 0.319592 0.990522 0.058449 0.323195 0.956038 0.106407 0.334901 0.985982 0.174552
0 0.679688 0.606944 0.084375 0.119444 0.683846 0.59859 0.999378 0.666926 0.578924 0.999252 0.654993 0.566216 0.996813 0.716881 0.647641 0.998079 0.164838
0 0.934375 0.915278 0.13125 0.169444 0.937159 0.935933 0.994345 0.909914 0.969511 0.996481 0.891377 0.989999 0.972063 0 0 0.148365 0.159098
0 0.68125 0.598611 0.08125 0.113889 0.684455 0.587957 0.999233 0.667352 0.571213 0.999277 0.654166 0.558793 0.996806 0.720609 0.637209 0.996238 0.147257
0 0.934375 0.916667 0.13125 0.166667 0.940128 0.938781 0.996854 0.914418 0.976155 0.992101 0.898742 0.996194 0.869211 0.991132 0.86198 0.623895 0.145004
0 0.157813 0.355556 0.06875 0.0444444 0.160664 0.354117 0.993079 0.175106 0.357195 0.993321 0.187794 0.357428 0.990817 0.136987 0.351604 0.995073 0.133351
0 0.934375 0.911111 0.13125 0.177778 0.943484 0.939786 0.994885 0.918552 0.976625 0.994343 0.899902 0.996785 0.939251 0 0 0.206083 0.132483
0 0.934375 0.915278 0.13125 0.169444 0.937113 0.939585 0.996891 0.909892 0.974035 0.997438 0.891948 0.992657 0.972496 0 0 0.267823 0.129014
0 0.247656 0.0458333 0.0828125 0.0916667 0.246756 0.0326212 0.977578 0.249515 0.038862 0.984999 0.254175 0.0484849 0.97081 0.239912 0.0447647 0.626757 0.122629
0 0.934375 0.916667 0.13125 0.166667 0.93495 0.93927 0.996682 0.907598 0.972156 0.99574 0.891358 0.990017 0.950301 0.990308 0.861743 0.655941 0.110745
0 0.678125 0.6 0.0875 0.111111 0.684289 0.589869 0.999609 0.665373 0.569351 0.999565 0.650433 0.55492 0.998101 0.722055 0.642679 0.997997 0.102472
0 0.691406 0.538889 0.0796875 0.0666667 0.697058 0.540874 0.999684 0.682387 0.532287 0.999728 0.670481 0.523993 0.998898 0.726114 0.578479 0.999252 0.100894
0 0.934375 0.916667 0.13125 0.166667 0.936932 0.938591 0.997763 0.910389 0.976807 0.992157 0.895791 0.997278 0.83414 0.990755 0.858412 0.838484 0.100224
