0 0.761719 0.863889 0.135937 0.0888889 0.757047 0.869081 0.999734 0.728307 0.881603 0.999828 0.708401 0.885734 0.999134 0.824681 0.83445 0.998357 0.772154
0 0.957031 0.869444 0.0859375 0.0944444 0.975904 0.86011 0.926514 0.986902 0.871575 0.519543 0 0 0.0532192 0.927197 0.855111 0.996394 0.759673
0 0.957031 0.869444 0.0859375 0.0944444 0.97386 0.858457 0.951585 0.986242 0.868374 0.559114 0 0 0.049945 0.926466 0.853655 0.993112 0.744472
0 0.761719 0.863889 0.135937 0.0888889 0.756246 0.86834 0.999708 0.72818 0.877418 0.999807 0.708115 0.879932 0.999241 0.823367 0.833994 0.996995 0.737046
0 0.957031 0.872222 0.0859375 0.1 0.97836 0.864572 0.950711 0.991826 0.875118 0.624907 0 0 0.0814869 0.925252 0.85251 0.997816 0.734257
0 0.761719 0.863889 0.139062 0.0888889 0.75708 0.869703 0.999632 0.726678 0.882538 0.999729 0.704876 0.888105 0.998544 0.825735 0.838524 0.998132 0.720229
0 0.95625 0.872222 0.0875 0.1 0.976941 0.859712 0.898317 0 0 0.359983 0 0 0.0381617 0.927045 0.857668 0.99624 0.719721
0 0.957031 0.870833 0.0859375 0.102778 0.98016 0.863158 0.930113 0 0 0.431979 0 0 0.0493376 0.927009 0.854836 0.998072 0.715749
0 0.7625 0.863889 0.134375 0.0888889 0.75785 0.866456 0.999724 0.730533 0.879343 0.999762 0.712345 0.885991 0.998876 0.824131 0.838428 0.998724 0.715742
0 0.761719 0.865278 0.139062 0.0916667 0.757826 0.870312 0.999516 0.727183 0.879431 0.999563 0.705932 0.88457 0.997947 0.825381 0.846983 0.998021 0.70566
0 0.761719 0.863889 0.139062 0.0888889 0.757543 0.867131 0.999721 0.728457 0.880008 0.999734 0.708918 0.886845 0.998569 0.82537 0.842348 0.998321 0.700782
0 0.957812 0.870833 0.084375 0.0972222 0.975382 0.858991 0.949153 0.989726 0.868501 0.574012 0 0 0.0640229 0.924694 0.852136 0.995038 0.69879
0 0.95625 0.868056 0.0875 0.0861111 0.967423 0.851125 0.981083 0.978211 0.855878 0.869668 0 0 0.348878 0.930122 0.854546 0.985613 0.691192
0 0.761719 0.863889 0.139062 0.0888889 0.758177 0.868971 0.999725 0.729282 0.878711 0.999642 0.709992 0.884319 0.997958 0.825718 0.849963 0.998813 0.688897
0 0.7625 0.863889 0.134375 0.0888889 0.757051 0.869027 0.999658 0.730505 0.879232 0.999714 0.712475 0.884766 0.998924 0.82262 0.836981 0.997511 0.622709
0 0.7625 0.866667 0.140625 0.0944444 0.758098 0.869659 0.999726 0.725335 0.876611 0.999619 0.706183 0.881175 0.998061 0.830948 0.85334 0.999139 0.61729
0 0.957031 0.868056 0.0859375 0.0916667 0.971469 0.852876 0.966619 0.984974 0.855134 0.765093 0 0 0.225455 0.927833 0.8555 0.987189 0.606689
0 0.532812 0.233333 0.08125 0.133333 0.524259 0.246716 0.999546 0.50873 0.270749 0.999647 0.500593 0.283825 0.99888 0.563719 0.193613 0.998443 0.601188
0 0.532812 0.234722 0.08125 0.136111 0.524757 0.249077 0.999554 0.508716 0.272772 0.999739 0.499875 0.287338 0.999212 0.563962 0.190652 0.998804 0.592593
0 0.116406 0.0388889 0.0828125 0.0777778 0.119304 0.0136649 0.996857 0.106871 0.0099805 0.988429 0.0990296 0.00888877 0.877206 0.157423 0.0658451 0.931641 0.583829
0 0.235938 0.605556 0.103125 0.1 0.243423 0.610899 0.998909 0.238012 0.616771 0.998893 0.23603 0.616132 0.996561 0.260519 0.590402 0.998634 0.571495
0 0.532812 0.231944 0.08125 0.136111 0.524137 0.2466 0.998879 0.51031 0.268139 0.999119 0.503122 0.278562 0.997297 0.562814 0.192876 0.998243 0.544693
0 0.532812 0.233333 0.08125 0.133333 0.525032 0.245116 0.998015 0.512333 0.263279 0.998048 0.505248 0.27283 0.994066 0.559663 0.192223 0.997841 0.52916
0 0.235156 0.613889 0.104687 0.111111 0.238879 0.611488 0.999401 0.231616 0.616351 0.999404 0.230114 0.618664 0.997786 0.247899 0.598257 0.998055 0.517385
0 0.532812 0.233333 0.08125 0.133333 0.525997 0.247947 0.998886 0.513362 0.266774 0.999187 0.505792 0.276453 0.99756 0.561301 0.194275 0.99774 0.50808
0 0.234375 0.609722 0.10625 0.102778 0.242825 0.610323 0.999353 0.235436 0.616828 0.999419 0.232269 0.617989 0.998083 0.258794 0.590927 0.998989 0.487551
0 0.532812 0.233333 0.08125 0.133333 0.52529 0.249595 0.999014 0.510621 0.271561 0.99942 0.501694 0.283736 0.998252 0.563348 0.191968 0.998 0.469277
0 0.236719 0.608333 0.101562 0.105556 0.240782 0.612117 0.999127 0.234148 0.620419 0.998684 0.231429 0.62259 0.994565 0.260987 0.591858 0.998786 0.463502
0 0.175781 0.675 0.0703125 0.0888889 0.182659 0.68123 0.999181 0.16792 0.696954 0.999679 0.157799 0.705541 0.999304 0.202684 0.635942 0.97999 0.463156
0 0.117188 0.0402778 0.084375 0.0805556 0.120623 0.0240692 0.985325 0.111708 0.0223504 0.975158 0.106537 0.0197253 0.850715 0.152565 0.0623961 0.78151 0.456389
0 0.117969 0.0388889 0.0828125 0.0777778 0.12024 0.02023 0.993099 0.109673 0.016625 0.977993 0.103204 0.0134113 0.814282 0.157318 0.0659939 0.905959 0.445911
0 0.234375 0.609722 0.10625 0.102778 0.240926 0.610501 0.999616 0.23022 0.618593 0.999471 0.225264 0.620341 0.997598 0.263741 0.593633 0.999132 0.440056
0 0.233594 0.613889 0.107813 0.111111 0.235805 0.614301 0.999826 0.222412 0.622088 0.999808 0.215827 0.626809 0.999198 0.251807 0.599741 0.999094 0.437279
0 0.176563 0.675 0.06875 0.0888889 0.183281 0.680246 0.999003 0.1688 0.696813 0.999386 0.157601 0.706316 0.998602 0.204539 0.641627 0.991029 0.402404
0 0.177344 0.675 0.0703125 0.0888889 0.187352 0.677916 0.998673 0.1677 0.696741 0.999284 0.153416 0.708477 0.998143 0.218504 0.633062 0.987923 0.377025
0 0.533594 0.234722 0.0828125 0.136111 0.525934 0.247319 0.999448 0.511167 0.268903 0.999688 0.503267 0.281817 0.999031 0.562236 0.191318 0.997371 0.35305
0 0.532031 0.233333 0.0796875 0.138889 0.522601 0.244376 0.999259 0.508505 0.269245 0.999406 0.501473 0.285564 0.998141 0.559994 0.19298 0.995826 0.348772
0 0.176563 0.675 0.06875 0.0888889 0.184303 0.679102 0.998324 0.167876 0.696052 0.998983 0.155224 0.707488 0.997544 0.210963 0.639821 0.991247 0.330922
0 0.177344 0.675 0.0703125 0.0888889 0.184435 0.680293 0.999252 0.167414 0.69734 0.999665 0.155413 0.707373 0.999141 0.209751 0.633696 0.99164 0.312628
0 0.117188 0.0402778 0.084375 0.0805556 0.11877 0.0121778 0.995516 0.107273 0.00866812 0.98913 0.0990027 0.0111361 0.923127 0.154953 0.0629138 0.878706 0.286017
0 0.117969 0.0402778 0.0828125 0.0805556 0.121465 0.0243215 0.990929 0.112615 0.0223087 0.985862 0.10755 0.022923 0.930256 0.153426 0.0610284 0.830038 0.264792
0 0.179688 0.670833 0.071875 0.0972222 0.189633 0.680357 0.999605 0.167206 0.697178 0.999803 0.150904 0.709261 0.999432 0.226516 0.631838 0.995123 0.254226
0 0.955469 0.868056 0.0859375 0.0861111 0.977895 0.856386 0.754953 0.991024 0.867386 0.599148 0 0 0.414444 0.926905 0.856348 0.950026 0.244507
0 0.115625 0.0402778 0.084375 0.0805556 0.11637 0.0162114 0.991962 0.103991 0.00881129 0.980768 0.0993233 0.0115457 0.860815 0.154294 0.0714214 0.903908 0.228969
0 0.239844 0.606944 0.0953125 0.102778 0.240976 0.607483 0.994351 0.231791 0.615439 0.992627 0.229699 0.62057 0.983929 0.265982 0.587053 0.995797 0.213903
0 0.117969 0.0402778 0.0828125 0.0805556 0.120398 0.0181303 0.994154 0.111279 0.016176 0.986704 0.104661 0.0167343 0.91386 0.15326 0.0607299 0.872032 0.188402
0 0.240625 0.601389 0.09375 0.0916667 0.241518 0.604719 0.992724 0.234729 0.609312 0.991647 0.233646 0.609149 0.982778 0.267173 0.586449 0.995458 0.175455
0 0.955469 0.870833 0.0859375 0.108333 0.982921 0.859681 0.784858 0.995013 0.876471 0.533763 0 0 0.283348 0.929211 0.851932 0.957141 0.165777
0 0.224219 0.634722 0.123438 0.130556 0.212192 0.64073 0.999552 0.190758 0.657578 0.999526 0.177101 0.670592 0.998387 0.250157 0.60746 0.9982 0.158785
0 0.0976562 0.436111 0.0328125 0.194444 0.091387 0.44689 0.995355 0.0870741 0.462863 0.994827 0.0870465 0.474556 0.988709 0.0994753 0.388325 0.994627 0.14358
0 0.117188 0.0402778 0.084375 0.0805556 0.117781 0.0196992 0.992036 0.105238 0.0117243 0.982913 0.101087 0.0104708 0.85675 0.157372 0.074194 0.927918 0.141634
0 0.0320312 0.495833 0.0328125 0.136111 0.0315376 0.499453 0.991653 0.0322057 0.51597 0.996742 0.0324913 0.525376 0.994317 0.0305112 0.46089 0.906279 0.139504
0 0.119531 0.0388889 0.0859375 0.0777778 0.11897 0.0252501 0.971575 0.110966 0.023661 0.968104 0.109126 0.0243588 0.884356 0.153145 0.0661082 0.690908 0.139199
0 0.217969 0.645833 0.135937 0.125 0.215627 0.637964 0.999906 0.19655 0.647287 0.99993 0.185447 0.657031 0.99975 0.234494 0.610087 0.999218 0.135924
0 0.117969 0.0402778 0.0859375 0.0805556 0.117617 0.0213906 0.983093 0.106977 0.0142096 0.977588 0.104199 0.0140982 0.874965 0.15418 0.0681537 0.881591 0.134901
0 0.0328125 0.5 0.03125 0.15 0.0308733 0.505441 0.995207 0.031821 0.517168 0.997983 0.0324003 0.527307 0.996397 0.0307138 0.472194 0.856875 0.134623
0 0.116406 0.0388889 0.0890625 0.0777778 0.115705 0.01802 0.836805 0.107199 0.00881383 0.892864 0.100169 0.0146377 0.89157 0.145567 0.0610409 0.638699 0.130816
0 0.03125 0.497222 0.03125 0.133333 0.0313992 0.496292 0.993233 0.0309696 0.51268 0.996961 0.0319699 0.522925 0.993093 0.0338214 0.458637 0.931024 0.127081
0 0.0320312 0.495833 0.0328125 0.136111 0.0305457 0.498696 0.993743 0.0316367 0.514772 0.996887 0.0317889 0.524108 0.99428 0.0305801 0.46439 0.901271 0.104924
0 0.955469 0.863889 0.0828125 0.0833333 0.972963 0.8619 0.963203 0.989553 0.868713 0.925478 0.998932 0.873071 0.820192 0.930221 0.861742 0.971621 0.103268
0 0.532812 0.231944 0.08125 0.141667 0.524686 0.244498 0.998654 0.509738 0.266391 0.998676 0.502327 0.280721 0.995876 0.562244 0.192909 0.997275 0.102218
0 0.175 0.677778 0.065625 0.1 0.179271 0.677499 0.996609 0.167469 0.691452 0.995815 0.15761 0.707674 0.987916 0.206323 0.658273 0.940507 0.101873
