0 0.742188 0.752778 0.15625 0.0944444 0.740162 0.746471 0.99914 0.703283 0.742118 0.999168 0.676488 0.742307 0.995491 0.812129 0.75646 0.961175 0.62655
0 0.745313 0.751389 0.146875 0.0916667 0.743678 0.744979 0.999485 0.7103 0.74192 0.999646 0.687118 0.739165 0.99841 0.815898 0.748275 0.970404 0.626454
0 0.86875 0.661111 0.0375 0.2 0.879724 0.659089 0.998953 0.875611 0.608256 0.999141 0.869939 0.571363 0.996871 0.871494 0.754698 0.998595 0.605845
0 0.742188 0.751389 0.15625 0.0916667 0.741433 0.744444 0.999227 0.705162 0.744013 0.998775 0.677945 0.749605 0.991382 0.81547 0.756142 0.982032 0.594851
0 0.742969 0.751389 0.151562 0.0916667 0.740978 0.745561 0.999472 0.703609 0.742159 0.999516 0.675792 0.738925 0.996964 0.816238 0.753042 0.978407 0.591283
0 0.867969 0.6625 0.0359375 0.197222 0.880429 0.661075 0.998797 0.876281 0.605376 0.999197 0.869543 0.568952 0.997289 0.873094 0.758476 0.997754 0.579719
0 0.745313 0.75 0.14375 0.0888889 0.743623 0.745077 0.999094 0.710936 0.741543 0.99913 0.688757 0.743137 0.997068 0.814886 0.754122 0.988307 0.576014
0 0.946875 0.804167 0.090625 0.0638889 0.943838 0.802759 0.999088 0.924316 0.79828 0.999168 0.909374 0.793448 0.997322 0.979987 0.82007 0.991648 0.545304
0 0.742969 0.751389 0.151562 0.0916667 0.741773 0.742241 0.999185 0.706699 0.742554 0.999017 0.682012 0.745437 0.9948 0.818289 0.753264 0.987489 0.521544
0 0.74375 0.751389 0.153125 0.0916667 0.740818 0.743611 0.999373 0.705037 0.744613 0.999187 0.67926 0.747625 0.994779 0.814975 0.754033 0.983611 0.511603
0 0.742188 0.751389 0.153125 0.0916667 0.742049 0.745168 0.999412 0.706196 0.743601 0.999507 0.680097 0.741195 0.997141 0.818015 0.749039 0.979788 0.511257
0 0.946875 0.802778 0.090625 0.0611111 0.941275 0.797623 0.998849 0.924185 0.793684 0.998924 0.91146 0.792247 0.996655 0.96934 0.815704 0.984149 0.507971
0 0.86875 0.6625 0.040625 0.197222 0.879951 0.660182 0.999268 0.875883 0.611518 0.999313 0.872233 0.575462 0.997691 0.868425 0.75154 0.998994 0.507149
0 0.946875 0.808333 0.09375 0.0666667 0.945428 0.806671 0.998922 0.925365 0.801141 0.999199 0.90967 0.795044 0.997304 0.981038 0.822905 0.987783 0.497076
0 0.866406 0.661111 0.0453125 0.194444 0.879584 0.660323 0.999421 0.876876 0.609039 0.999566 0.876001 0.572883 0.998741 0.86219 0.747191 0.998366 0.495626
0 0.946094 0.802778 0.0890625 0.0666667 0.941769 0.802825 0.999479 0.922417 0.796144 0.999689 0.909938 0.790947 0.999053 0.9751 0.819906 0.993722 0.451598
0 0.867188 0.6625 0.0375 0.197222 0.882116 0.658309 0.998246 0.879261 0.599854 0.998552 0.874364 0.568439 0.996764 0.874674 0.756867 0.995732 0.413718
0 0.947656 0.813889 0.0953125 0.0722222 0.948764 0.812999 0.995217 0.930213 0.806795 0.995716 0.916135 0.801137 0.987468 0.978036 0.825418 0.981821 0.357926
0 0.94375 0.8 0.0875 0.0666667 0.936627 0.793592 0.999555 0.920825 0.787295 0.999691 0.911267 0.784217 0.999127 0.960684 0.813251 0.992145 0.340008
0 0.946094 0.805556 0.0921875 0.0722222 0.94418 0.808137 0.9992 0.924403 0.800783 0.999538 0.910303 0.792728 0.998478 0.97786 0.82283 0.991678 0.317486
0 0.592969 0.8375 0.0734375 0.0861111 0.594932 0.835945 0.999493 0.609349 0.843845 0.999586 0.620972 0.847088 0.998798 0.562242 0.82004 0.99711 0.251975
0 0.869531 0.661111 0.0421875 0.2 0.877271 0.658322 0.999323 0.874024 0.609385 0.999138 0.870835 0.572858 0.996025 0.874751 0.75713 0.998833 0.248207
0 0.74375 0.75 0.1625 0.1 0.737409 0.746571 0.998594 0.701502 0.741833 0.998627 0.67959 0.744734 0.995243 0.812081 0.759217 0.950266 0.233853
0 0.869531 0.6625 0.0390625 0.197222 0.878861 0.659205 0.999195 0.875866 0.608859 0.999214 0.872336 0.575988 0.996686 0.875438 0.759725 0.998624 0.219922
0 0.591406 0.836111 0.0703125 0.0777778 0.595058 0.834958 0.999499 0.609352 0.845177 0.999632 0.621569 0.849277 0.998968 0.563542 0.812778 0.996105 0.207754
0 0.425781 0.945833 0.0921875 0.102778 0.420757 0.945436 0.99905 0.400227 0.923297 0.999348 0.384285 0.911086 0.997454 0.46151 1 0.903252 0.19868
0 0.86875 0.661111 0.04375 0.205556 0.878111 0.658287 0.999485 0.875527 0.610774 0.999294 0.873914 0.573654 0.997127 0.871098 0.752273 0.998969 0.189315
0 0.422656 0.943056 0.0859375 0.102778 0.416857 0.947927 0.999672 0.398616 0.925798 0.999859 0.386477 0.913914 0.999531 0.451891 0.995009 0.935536 0.166457
0 0.425 0.947222 0.09375 0.105556 0.418815 0.949363 0.995939 0.400842 0.930425 0.996581 0.388153 0.915732 0.985423 0.46177 0.999628 0.874815 0.150959
0 0.634375 0.675 0.090625 0.127778 0.645062 0.673442 0.999639 0.654606 0.651889 0.999868 0.662552 0.637891 0.999608 0.605063 0.715137 0.983881 0.146351
0 0.594531 0.840278 0.0734375 0.0861111 0.594875 0.838883 0.999586 0.609583 0.84328 0.999676 0.621473 0.846197 0.999096 0.562701 0.831716 0.995983 0.140699
0 0.636719 0.681944 0.0890625 0.136111 0.644032 0.675999 0.999743 0.652599 0.655461 0.999884 0.65958 0.642399 0.999641 0.608015 0.725886 0.987809 0.1313
0 0.234375 0.0236111 0.059375 0.0472222 0.233159 0.0151038 0.914907 0.240981 0.0199467 0.896501 0.247811 0.0226728 0.798621 0.221788 0.0249398 0.788335 0.12628
0 0.233594 0.025 0.0578125 0.0444444 0.233801 0.0122039 0.947573 0.243307 0.0187937 0.931058 0.249261 0.0238049 0.849238 0.221141 0.0216993 0.779058 0.123587
0 0.859375 0.416667 0.040625 0.155556 0.866643 0.424032 0.996849 0.865695 0.455235 0.998269 0.865126 0.473387 0.995776 0.862041 0.355491 0.99533 0.122492
0 0.719531 0.113889 0.0359375 0.122222 0.717233 0.1093 0.992417 0.71938 0.139409 0.996485 0.720472 0.159552 0.992449 0 0 0.3865 0.121501
0 0.425781 0.947222 0.0953125 0.105556 0.41884 0.948389 0.99893 0.399902 0.928154 0.998997 0.385735 0.915133 0.995993 0.465137 1 0.94135 0.120268
0 0.592969 0.838889 0.0734375 0.0833333 0.594934 0.83668 0.999404 0.610032 0.847965 0.999307 0.622256 0.851956 0.997628 0.562961 0.816398 0.998361 0.10686
