0 0.796875 0.9 0.1 0.138889 0.792423 0.898538 0.999141 0.770762 0.92206 0.998868 0.757355 0.934569 0.992728 0.844344 0.851905 0.993223 0.737763
0 0.796094 0.9 0.104687 0.138889 0.792765 0.900276 0.999036 0.771015 0.920399 0.99947 0.757411 0.931999 0.998018 0.843836 0.849233 0.98831 0.734673
0 0.795313 0.9 0.10625 0.138889 0.79123 0.901533 0.999622 0.765519 0.925271 0.999761 0.747177 0.938979 0.99889 0.843073 0.850286 0.995966 0.734007
0 0.797656 0.898611 0.101562 0.136111 0.792428 0.901942 0.998914 0.770541 0.925599 0.999221 0.755453 0.93882 0.996565 0.844218 0.851313 0.993616 0.73211
0 0.799219 0.898611 0.0953125 0.136111 0.793402 0.900779 0.99899 0.772519 0.923917 0.999398 0.758133 0.936679 0.997453 0.843576 0.848982 0.982495 0.725896
0 0.799219 0.898611 0.0953125 0.136111 0.792675 0.899497 0.99872 0.772938 0.921827 0.998342 0.760792 0.935179 0.990268 0.843619 0.850417 0.984342 0.724997
0 0.795313 0.9 0.103125 0.138889 0.790947 0.900568 0.999747 0.764927 0.924846 0.999775 0.747269 0.938171 0.99862 0.843075 0.854353 0.995045 0.722584
0 0.785156 0.905556 0.126563 0.138889 0.786767 0.904472 0.999726 0.759916 0.924462 0.999826 0.740919 0.936495 0.999162 0.837265 0.854543 0.99722 0.691227
0 0.782812 0.906944 0.13125 0.136111 0.785048 0.908 0.99984 0.75623 0.928694 0.99982 0.735498 0.939587 0.998608 0.838439 0.864872 0.998008 0.596384
0 0.0625 0.340278 0.115625 0.136111 0.0659242 0.330007 0.998187 0.0487371 0.314877 0.998029 0.0369704 0.303539 0.985748 0.112163 0.38649 0.885606 0.579397
0 0.0625 0.338889 0.115625 0.138889 0.0594801 0.329755 0.998626 0.0423589 0.314896 0.998546 0.0329643 0.304661 0.990146 0.108907 0.376776 0.945273 0.553811
0 0.0617188 0.3375 0.117188 0.136111 0.0542384 0.323139 0.998557 0.0337731 0.305544 0.997218 0.0211493 0.291668 0.967041 0.112037 0.382946 0.931389 0.539213
0 0.0609375 0.331944 0.11875 0.125 0.0522924 0.316762 0.99842 0.031431 0.302232 0.991558 0.0190097 0.293155 0.854336 0.105224 0.374689 0.968506 0.535402
0 0.0617188 0.334722 0.117188 0.130556 0.0594918 0.317434 0.999417 0.0350079 0.300102 0.998248 0.0179592 0.29079 0.976397 0.116628 0.386825 0.958294 0.500165
0 0.0632813 0.341667 0.110937 0.138889 0.0727168 0.333134 0.997475 0.0569439 0.316132 0.996493 0.0460172 0.306936 0.978689 0.112537 0.391795 0.933837 0.499641
0 0.0617188 0.338889 0.117188 0.133333 0.0591015 0.324041 0.998745 0.0373396 0.3083 0.9969 0.0220421 0.295288 0.95899 0.116251 0.389015 0.906243 0.495819
0 0.0609375 0.336111 0.11875 0.127778 0.0584585 0.320797 0.999215 0.0349786 0.303098 0.997181 0.019224 0.290054 0.956656 0.11629 0.38786 0.965944 0.492861
0 0.250781 0.811111 0.110937 0.155556 0.261265 0.811894 0.999018 0.281086 0.783603 0.998708 0.295376 0.761252 0.989291 0.209824 0.885451 0.739625 0.463602
0 0.0632813 0.3375 0.114063 0.136111 0.0651605 0.324479 0.998804 0.0440084 0.307677 0.997261 0.0291528 0.297902 0.973208 0.115828 0.392407 0.922322 0.440112
0 0.251563 0.811111 0.10625 0.155556 0.26125 0.81159 0.998899 0.28206 0.78275 0.998565 0.297278 0.761966 0.987177 0.206056 0.891051 0.938732 0.416164
0 0.964063 0.847222 0.071875 0.0444444 0.972157 0.837606 0.786471 0.971234 0.843559 0.511744 0 0 0.196388 0.949248 0.841848 0.827934 0.398862
0 0.252344 0.813889 0.104687 0.155556 0.260677 0.810905 0.998897 0.281672 0.780712 0.998868 0.296338 0.76156 0.990769 0.208751 0.882279 0.870157 0.384482
0 0.964063 0.845833 0.071875 0.0472222 0.971184 0.840626 0.661154 0 0 0.483213 0 0 0.289593 0.94683 0.843368 0.818343 0.380658
0 0.253125 0.8125 0.10625 0.152778 0.258824 0.807271 0.999004 0.281451 0.779348 0.998779 0.296346 0.759321 0.989931 0.207289 0.88176 0.672563 0.351171
0 0.963281 0.845833 0.0734375 0.0527778 0.97284 0.840273 0.576387 0 0 0.309836 0 0 0.166416 0.947505 0.844733 0.890896 0.344259
0 0.248437 0.8125 0.115625 0.152778 0.261019 0.810355 0.999593 0.2776 0.789626 0.999698 0.288894 0.772483 0.998169 0.21762 0.86439 0.551185 0.343556
0 0.253125 0.806944 0.10625 0.152778 0.262521 0.808534 0.998494 0.281806 0.778001 0.998235 0.295707 0.756914 0.987247 0.212095 0.890044 0.938942 0.317629
0 0.51875 0.565278 0.075 0.113889 0.511861 0.554829 0.999052 0.501722 0.543778 0.998826 0.495461 0.537023 0.995862 0.537451 0.583585 0.997662 0.290426
0 0.51875 0.561111 0.075 0.1 0.513766 0.55508 0.99953 0.501553 0.543999 0.999456 0.494238 0.533092 0.997718 0.543388 0.587062 0.998704 0.287448
0 0.51875 0.561111 0.075 0.1 0.511345 0.551409 0.999414 0.501768 0.542993 0.999321 0.496923 0.535538 0.997302 0.534639 0.577251 0.996127 0.270366
0 0.253125 0.811111 0.10625 0.155556 0.260143 0.809871 0.998671 0.28213 0.782162 0.997748 0.296818 0.761444 0.981931 0.205812 0.890415 0.9031 0.269876
0 0.519531 0.561111 0.0765625 0.105556 0.512517 0.552783 0.999194 0.502185 0.541674 0.998979 0.495256 0.533938 0.996183 0.537999 0.583861 0.997549 0.256078
0 0.802344 0.897222 0.0921875 0.133333 0.792093 0.901662 0.997138 0.774084 0.920946 0.996866 0.76345 0.932004 0.989054 0.844288 0.85254 0.968644 0.230783
0 0.517187 0.556944 0.071875 0.0972222 0.509668 0.549126 0.999457 0.50098 0.543685 0.999487 0.498193 0.539007 0.998088 0.526929 0.5709 0.992498 0.224494
0 0.246094 0.813889 0.120312 0.155556 0.259039 0.814378 0.998607 0.275221 0.786373 0.997667 0.287924 0.765803 0.978777 0.213778 0.869145 0.830101 0.207474
0 0.0617188 0.331944 0.117188 0.130556 0.0514292 0.315294 0.998232 0.0328202 0.299702 0.993634 0.0213342 0.294307 0.926046 0.0989629 0.372862 0.942224 0.199491
0 0.519531 0.559722 0.0765625 0.102778 0.512148 0.551581 0.998833 0.504167 0.540061 0.998475 0.499167 0.533563 0.994202 0.532037 0.5807 0.992971 0.195494
0 0.51875 0.5625 0.075 0.108333 0.513161 0.558158 0.999198 0.501745 0.5464 0.999164 0.494398 0.534127 0.996697 0.540557 0.585441 0.997962 0.183627
0 0.51875 0.559722 0.071875 0.102778 0.512094 0.555394 0.999656 0.500049 0.545681 0.999619 0.495035 0.537507 0.998319 0.538296 0.586901 0.998345 0.173925
0 0.960938 0.854167 0.071875 0.0638889 0.972133 0.838962 0.544498 0 0 0.413362 0 0 0.333253 0.932737 0.852705 0.880234 0.158631
0 0.665625 0.901389 0.103125 0.186111 0.677887 0.899533 0.999463 0.6713 0.917366 0.999598 0.667423 0.928256 0.997514 0.674406 0.855537 0.945465 0.153707
0 0.071875 0.341667 0.096875 0.138889 0.0762963 0.340084 0.994546 0.0648786 0.327441 0.996957 0.0595468 0.321786 0.990901 0.107134 0.381368 0.843253 0.131357
0 0.667188 0.901389 0.096875 0.186111 0.678881 0.900378 0.998989 0.669967 0.9215 0.998475 0.663311 0.929516 0.984095 0.681903 0.840257 0.926857 0.123933
0 0.670313 0.901389 0.09375 0.180556 0.677423 0.907364 0.997332 0.672373 0.910495 0.996782 0.670659 0.91042 0.974994 0.692252 0.888135 0.616509 0.119128
0 0.517969 0.5625 0.0734375 0.108333 0.512191 0.558735 0.999371 0.49975 0.543834 0.999293 0.494367 0.532322 0.997231 0.54087 0.587742 0.998377 0.118618
0 0.221875 0.166667 0.084375 0.0555556 0.226802 0.164725 0.996809 0.243571 0.173467 0.997771 0.256288 0.178722 0.995827 0.195788 0.157148 0.988937 0.116822
0 0.671094 0.901389 0.0953125 0.180556 0.676696 0.901482 0.998896 0.671455 0.910714 0.999179 0.669212 0.914162 0.995292 0.689542 0.877814 0.899991 0.112086
0 0.961719 0.848611 0.0671875 0.0583333 0.966697 0.842842 0.876444 0.973867 0.846283 0.800253 0.975452 0.84936 0.693833 0.93675 0.851864 0.918938 0.108497
