0 0.040625 0.604167 0.08125 0.241667 0.0266513 0.616063 0.99442 0.0497006 0.667515 0.998322 0.066234 0.700592 0.994659 0 0 0.0744805 0.782161
0 0.040625 0.604167 0.08125 0.241667 0.0278959 0.614007 0.993998 0.0503756 0.66922 0.997356 0.0659686 0.704625 0.990562 0 0 0.121022 0.780925
0 0.0398437 0.604167 0.0796875 0.236111 0.023191 0.617706 0.993436 0.0475848 0.664946 0.998235 0.0649416 0.696842 0.993516 0 0 0.0412406 0.76863
0 0.040625 0.605556 0.08125 0.238889 0.0254673 0.612494 0.992257 0.0490522 0.66759 0.997641 0.0653835 0.703872 0.991928 0 0 0.0975033 0.735558
0 0.0398437 0.602778 0.0796875 0.238889 0.0291553 0.616832 0.998061 0.0511344 0.670016 0.998529 0.0677215 0.704234 0.992897 0 0 0.311318 0.715877
0 0.0398437 0.602778 0.0796875 0.244444 0.0268204 0.615268 0.997138 0.0505661 0.67044 0.997894 0.0687037 0.705963 0.986316 0 0 0.0624339 0.714875
0 0.040625 0.602778 0.08125 0.244444 0.0222718 0.609539 0.989491 0.0455965 0.663382 0.997001 0.0642194 0.702027 0.989973 0 0 0.100304 0.710068
0 0.0398437 0.605556 0.0796875 0.238889 0.0292462 0.618968 0.995611 0.0499832 0.666797 0.998025 0.0662042 0.700007 0.994179 0 0 0.322087 0.677112
0 0.0398437 0.602778 0.0796875 0.238889 0.0282681 0.614845 0.996909 0.050065 0.662525 0.994752 0.0688566 0.694565 0.955056 0 0 0.192978 0.645836
0 0.0539063 0.223611 0.107813 0.197222 0.0479848 0.214253 0.998955 0.036551 0.1931 0.996556 0.0297174 0.179031 0.941375 0.0981246 0.304287 0.945008 0.484539
0 0.975 0.5 0.0375 0.233333 0.978362 0.499095 0.944903 0.979511 0.453953 0.949358 0.97847 0.433761 0.906662 0.96575 0.593059 0.889 0.467011
0 0.967188 0.358333 0.065625 0.116667 0.973939 0.361027 0.985432 0.986316 0.385138 0.979515 0.994148 0.40088 0.915589 0.940739 0.313976 0.983457 0.464002
0 0.0546875 0.211111 0.109375 0.222222 0.0429872 0.201325 0.999088 0.0302201 0.179004 0.991587 0.0238527 0.168893 0.734925 0.0919155 0.303728 0.960235 0.393091
0 0.967969 0.3625 0.0640625 0.125 0.976073 0.364229 0.979112 0.988809 0.390661 0.927753 0.997391 0.404889 0.667411 0.943787 0.31663 0.984172 0.392381
0 0.040625 0.605556 0.078125 0.238889 0.0307344 0.619622 0.996985 0.0479572 0.655489 0.997887 0.065261 0.687476 0.99267 0.0244047 0.559762 0.562923 0.386508
0 0.975781 0.498611 0.0390625 0.230556 0.977296 0.502731 0.992097 0.977542 0.478348 0.986036 0.977685 0.468512 0.93011 0.967838 0.574242 0.990383 0.375007
0 0.967969 0.359722 0.0640625 0.119444 0.974835 0.36457 0.980162 0.987699 0.387748 0.971085 0.996176 0.401936 0.897085 0.94122 0.317867 0.983907 0.372959
0 0.967969 0.358333 0.0640625 0.116667 0.975012 0.364467 0.96427 0.987303 0.388661 0.896853 0.996676 0.402467 0.639904 0.943324 0.311396 0.967718 0.364984
0 0.967188 0.358333 0.065625 0.116667 0.973886 0.363788 0.995996 0.988048 0.389666 0.993375 0.997482 0.40446 0.970089 0.940491 0.316872 0.987422 0.359831
0 0.965625 0.354167 0.06875 0.108333 0.974164 0.364517 0.997029 0.989807 0.390918 0.994831 1 0.407321 0.972684 0.936959 0.315324 0.985152 0.353891
0 0.0570313 0.231944 0.104687 0.180556 0.0489221 0.223915 0.997662 0.041576 0.20729 0.996604 0.0385808 0.196516 0.966982 0.0940044 0.300693 0.897264 0.350492
0 0.0539063 0.218056 0.107813 0.202778 0.0461998 0.202402 0.998742 0.0340337 0.17939 0.992249 0.0270252 0.169105 0.84486 0.0877607 0.300935 0.946005 0.327669
0 0.0539063 0.219444 0.107813 0.211111 0.0430815 0.217679 0.997938 0.0391534 0.196911 0.992669 0.0406514 0.187142 0.847805 0.0928023 0.300071 0.772792 0.325437
0 0.0539063 0.227778 0.104687 0.183333 0.0520237 0.218048 0.998922 0.0420248 0.202324 0.997631 0.0347798 0.193867 0.976441 0.0932146 0.301193 0.929657 0.322892
0 0.96875 0.366667 0.0625 0.133333 0.974522 0.366139 0.99174 0.987316 0.389077 0.979246 0.996606 0.404621 0.908913 0.94528 0.321378 0.990508 0.310301
0 0.0398437 0.605556 0.0796875 0.238889 0.0244239 0.614228 0.995574 0.0495034 0.670367 0.997909 0.0684102 0.708559 0.989465 0 0 0.0423426 0.278673
0 0.0570313 0.227778 0.104687 0.188889 0.0445413 0.225185 0.99695 0.039812 0.204216 0.993699 0.0414285 0.192652 0.913321 0.0919751 0.299999 0.85432 0.265648
0 0.976562 0.502778 0.040625 0.227778 0.976937 0.502469 0.996072 0.977273 0.490665 0.991981 0.97916 0.486614 0.951873 0.969236 0.54897 0.994401 0.206946
0 0.967188 0.365278 0.065625 0.130556 0.974081 0.365071 0.99592 0.987865 0.392925 0.990385 0.997582 0.411093 0.958306 0.944057 0.312971 0.989983 0.199699
0 0.597656 0.163889 0.0859375 0.1 0.603518 0.167033 0.995043 0.621946 0.179817 0.997785 0.635203 0.190377 0.997414 0.561104 0.139089 0.965921 0.186473
0 0.969531 0.372222 0.0609375 0.133333 0.977089 0.361948 0.975917 0.989058 0.383416 0.917298 0.998627 0.400005 0.696292 0.951136 0.320607 0.977471 0.170232
0 0.0585938 0.2375 0.0984375 0.163889 0.0570518 0.231671 0.997624 0.0521819 0.222084 0.997523 0.0494687 0.217874 0.985921 0.0914566 0.298693 0.878371 0.167819
0 0.972656 0.363889 0.0546875 0.133333 0.976338 0.368897 0.945064 0.987769 0.387627 0.910776 0.992716 0.401325 0.831603 0.954156 0.335067 0.917309 0.165852
0 0.053125 0.2 0.10625 0.244444 0.0376191 0.187887 0.997518 0.0295447 0.16385 0.97842 0.0298016 0.158489 0.672028 0.0755456 0.28177 0.929642 0.164025
0 0.597656 0.161111 0.0859375 0.105556 0.604859 0.16378 0.996181 0.621898 0.177923 0.998524 0.634919 0.187824 0.998164 0.567846 0.125529 0.969248 0.156806
0 0.595312 0.165278 0.090625 0.102778 0.602694 0.167014 0.99542 0.620809 0.180249 0.996098 0.633782 0.18843 0.992289 0.563571 0.135229 0.979748 0.152928
0 0.0609375 0.234722 0.096875 0.169444 0.0587451 0.239614 0.997497 0.0532818 0.228476 0.998707 0.052973 0.22519 0.995204 0.0902007 0.295862 0.88668 0.146506
0 0.975781 0.495833 0.0421875 0.230556 0.977658 0.502771 0.992502 0.976668 0.498034 0.990577 0.978694 0.504467 0.970326 0.97059 0.524881 0.987772 0.142434
0 0.977344 0.5 0.0421875 0.238889 0.980754 0.500529 0.828739 0.982501 0.455383 0.790353 0.985058 0.440528 0.719221 0.963898 0.5879 0.866548 0.137453
0 0.595312 0.163889 0.0875 0.105556 0.602633 0.160998 0.998803 0.62108 0.175041 0.999463 0.633868 0.183871 0.998915 0.565129 0.127432 0.984548 0.134522
0 0.977344 0.5 0.0421875 0.227778 0.980316 0.500526 0.973845 0.980947 0.477558 0.943788 0.983742 0.472923 0.813724 0.966497 0.567296 0.983185 0.130014
0 0.596094 0.1625 0.0859375 0.102778 0.602837 0.161836 0.997401 0.620138 0.176452 0.998461 0.633066 0.185499 0.99713 0.567487 0.123168 0.985763 0.124442
0 0.595312 0.163889 0.090625 0.105556 0.602499 0.165042 0.996423 0.622206 0.179296 0.997431 0.635691 0.188368 0.995268 0.562344 0.132802 0.975051 0.116387
0 0.828906 0.340278 0.154687 0.197222 0.833742 0.337467 0.999709 0.873305 0.384888 0.999801 0.899854 0.417655 0.999064 0.763786 0.257265 0.84981 0.103889
