0 0.0367187 0.2625 0.0734375 0.0805556 0.0271503 0.249249 0.989963 0.0130865 0.238483 0.9621 0.00865475 0.232295 0.811536 0.0699668 0.289455 0.997211 0.752982
0 0.0375 0.261111 0.071875 0.0777778 0.0295716 0.252577 0.991487 0.0165606 0.24336 0.983031 0.010463 0.233939 0.917447 0.0674269 0.285078 0.997523 0.748724
0 0.0367187 0.2625 0.0703125 0.0805556 0.0297064 0.257254 0.994868 0.0166778 0.24766 0.992282 0.00939785 0.237125 0.96623 0.0652546 0.281571 0.997254 0.743282
0 0.548437 0.438889 0.046875 0.172222 0.551021 0.445006 0.998974 0.558163 0.482488 0.998894 0.563641 0.507257 0.995884 0.538436 0.366878 0.996791 0.573514
0 0.0367187 0.261111 0.0734375 0.0833333 0.0270915 0.246914 0.964589 0.0149689 0.23617 0.852514 0.0119815 0.234331 0.559976 0.0661504 0.28642 0.994793 0.546891
0 0.665625 0.530556 0.075 0.15 0.661842 0.528205 0.997988 0.677728 0.561009 0.999249 0.688747 0.583484 0.998395 0.640584 0.47707 0.671754 0.540466
0 0.548437 0.4375 0.046875 0.169444 0.551517 0.442791 0.998254 0.558524 0.479607 0.998652 0.563953 0.50417 0.995731 0.539175 0.36598 0.995978 0.501601
0 0.0375 0.2625 0.071875 0.0805556 0.0299086 0.251564 0.988151 0.0188365 0.240612 0.968579 0.0140453 0.233553 0.860961 0.0626799 0.283849 0.99729 0.499557
0 0.664062 0.530556 0.075 0.155556 0.661292 0.52588 0.999145 0.677224 0.554881 0.999771 0.689777 0.574606 0.999315 0.640928 0.48101 0.745934 0.48924
0 0.0367187 0.2625 0.0703125 0.0805556 0.0295622 0.258094 0.991245 0.0181357 0.247245 0.983068 0.0130004 0.239273 0.935888 0.0603806 0.280578 0.997258 0.486183
0 0.548437 0.4375 0.046875 0.175 0.551182 0.443827 0.999033 0.558021 0.478822 0.999285 0.563914 0.502262 0.997521 0.541697 0.365504 0.997154 0.444509
0 0.549219 0.436111 0.0484375 0.172222 0.552532 0.445413 0.999335 0.559436 0.483924 0.999391 0.564031 0.507085 0.99776 0.538624 0.364474 0.996509 0.434952
0 0.665625 0.530556 0.075 0.15 0.66171 0.52855 0.9984 0.67775 0.562081 0.999369 0.688095 0.585056 0.998676 0.639046 0.477961 0.705989 0.431579
0 0.664844 0.529167 0.0765625 0.152778 0.660828 0.523953 0.999476 0.675111 0.555689 0.999862 0.685284 0.578565 0.999643 0.637048 0.477666 0.84581 0.420877
0 0.55 0.436111 0.05 0.172222 0.55172 0.443944 0.998936 0.55882 0.48196 0.999229 0.56394 0.504325 0.997468 0.538252 0.366181 0.995851 0.389437
0 0.664062 0.527778 0.075 0.155556 0.663323 0.525678 0.999151 0.678319 0.548454 0.999715 0.690974 0.564097 0.999138 0.639619 0.486927 0.814373 0.386584
0 0.0367187 0.258333 0.0734375 0.0888889 0.0250093 0.249376 0.98948 0.0122038 0.240942 0.959187 0.0117516 0.234615 0.791607 0.0669937 0.282374 0.995889 0.378142
0 0.0375 0.261111 0.071875 0.0888889 0.0287064 0.252002 0.995005 0.0147055 0.244009 0.985832 0.010784 0.235553 0.898636 0.0684242 0.280947 0.998605 0.374983
0 0.664844 0.530556 0.0765625 0.15 0.660909 0.526498 0.999471 0.676277 0.55882 0.9998 0.686618 0.58216 0.999494 0.6338 0.480044 0.851182 0.37319
0 0.665625 0.530556 0.078125 0.15 0.6623 0.529995 0.998703 0.677344 0.560061 0.999682 0.687914 0.580159 0.999308 0.63979 0.476935 0.70278 0.359168
0 0.0367187 0.261111 0.0734375 0.0888889 0.0277016 0.260164 0.996526 0.0137081 0.248983 0.992541 0.00880277 0.241096 0.96359 0.0692732 0.283211 0.998405 0.336164
0 0.960938 0.930556 0.078125 0.138889 0.978432 0.949933 0.87799 0 0 0.498073 0 0 0.062248 0 0 0.262705 0.332126
0 0.960938 0.930556 0.078125 0.138889 0.977084 0.950562 0.87363 0 0 0.444736 0 0 0.0432359 0 0 0.218339 0.330321
0 0.549219 0.4375 0.0515625 0.186111 0.553258 0.446728 0.999477 0.559409 0.483599 0.999557 0.564476 0.511116 0.998555 0.540466 0.367954 0.993493 0.32366
0 0.55 0.436111 0.046875 0.172222 0.55048 0.44556 0.998772 0.55734 0.482562 0.999191 0.562629 0.50558 0.997221 0.539295 0.365054 0.996217 0.304307
0 0.665625 0.530556 0.075 0.15 0.66216 0.526891 0.998564 0.676761 0.559809 0.999635 0.686647 0.582698 0.999218 0.641655 0.474029 0.768891 0.289475
0 0.960938 0.934722 0.078125 0.130556 0.983085 0.954033 0.861112 0.990447 0.948184 0.584137 0 0 0.152773 0 0 0.268815 0.281374
0 0.269531 0.425 0.0671875 0.216667 0.277053 0.419755 0.999568 0.270661 0.378102 0.999456 0.266164 0.349741 0.996921 0.280013 0.512396 0.999642 0.27847
0 0.0359375 0.259722 0.071875 0.0861111 0.0251439 0.246594 0.905694 0.0180544 0.238633 0.873247 0.0130743 0.239562 0.782528 0.0693045 0.283411 0.938356 0.272302
0 0.921094 0.130556 0.0921875 0.166667 0.93057 0.120872 0.997552 0.922461 0.143563 0.997934 0.917158 0.156831 0.991727 0.949485 0.0802676 0.94992 0.270177
0 0.270312 0.425 0.06875 0.211111 0.277623 0.420439 0.999509 0.272456 0.379099 0.999371 0.268294 0.352931 0.99667 0.278895 0.512126 0.99973 0.261219
0 0.552344 0.440278 0.0515625 0.175 0.550781 0.445333 0.999451 0.558493 0.48192 0.999474 0.565213 0.507009 0.998566 0.54034 0.371498 0.997401 0.259552
0 0.959375 0.930556 0.08125 0.138889 0.98155 0.950979 0.813867 0 0 0.47614 0 0 0.0884341 0 0 0.289855 0.254883
0 0.267969 0.422222 0.0734375 0.222222 0.271314 0.419516 0.999204 0.268233 0.386415 0.998972 0.266495 0.363955 0.995302 0.271708 0.493 0.998951 0.207542
0 0.0367187 0.261111 0.0734375 0.0888889 0.0268926 0.252504 0.9845 0.016983 0.244892 0.978997 0.0125108 0.253442 0.943318 0.0677408 0.287286 0.967352 0.204627
0 0.665625 0.530556 0.075 0.144444 0.663516 0.527544 0.998735 0.678282 0.56087 0.999508 0.688299 0.586 0.998916 0.640456 0.479115 0.68013 0.203783
0 0.269531 0.427778 0.0703125 0.205556 0.277702 0.417922 0.997009 0.275554 0.375819 0.995559 0.273518 0.35617 0.989822 0.273496 0.505091 0.999137 0.201436
0 0.663281 0.534722 0.0796875 0.141667 0.662801 0.525133 0.998615 0.678217 0.549126 0.999416 0.68905 0.571906 0.99897 0.631616 0.50028 0.881149 0.194188
0 0.303906 0.869444 0.0921875 0.0888889 0.300757 0.866673 0.995435 0.326256 0.875426 0.995915 0.344706 0.878893 0.982632 0 0 0.342223 0.193444
0 0.271094 0.423611 0.0640625 0.213889 0.274938 0.418135 0.999654 0.269599 0.375714 0.999524 0.267129 0.345416 0.997353 0.280369 0.512062 0.999557 0.19076
0 0.269531 0.425 0.0703125 0.211111 0.277429 0.417911 0.999564 0.272876 0.377293 0.999493 0.268077 0.352072 0.997676 0.277832 0.508234 0.999708 0.18909
0 0.960156 0.936111 0.0796875 0.127778 0.982601 0.948365 0.799448 0 0 0.436648 0 0 0.0931772 0 0 0.229155 0.188247
0 0.269531 0.423611 0.0703125 0.219444 0.276634 0.418304 0.999584 0.271573 0.378729 0.999522 0.266823 0.3508 0.997552 0.277692 0.506476 0.999678 0.185528
0 0.960156 0.926389 0.0796875 0.147222 0.978857 0.947054 0.860363 0.981795 0.944846 0.598726 0 0 0.105104 0 0 0.209851 0.180253
0 0.548437 0.436111 0.04375 0.166667 0.552231 0.439674 0.997234 0.559507 0.476863 0.994996 0.563285 0.506436 0.98227 0.540556 0.379065 0.976023 0.172015
0 0.959375 0.936111 0.08125 0.127778 0.984795 0.955531 0.766477 0.990009 0.948621 0.508917 0 0 0.164761 0 0 0.353595 0.164558
0 0.960938 0.926389 0.078125 0.147222 0.977765 0.949308 0.831274 0.979873 0.942033 0.524057 0 0 0.077661 0 0 0.15035 0.162161
0 0.667188 0.533333 0.075 0.144444 0.663908 0.529766 0.997441 0.677957 0.561514 0.999007 0.688855 0.586091 0.997985 0.645068 0.481547 0.672692 0.160491
0 0.960156 0.922222 0.0796875 0.155556 0.979361 0.946682 0.717834 0.975091 0.949233 0.602902 0 0 0.190317 0 0 0.152501 0.152785
0 0.548437 0.4375 0.046875 0.169444 0.547863 0.448047 0.999329 0.555685 0.482716 0.999281 0.564184 0.506545 0.997498 0.542865 0.366493 0.99632 0.151929
0 0.457812 0.698611 0.121875 0.113889 0.456359 0.698966 0.998868 0.48614 0.710791 0.999457 0.508485 0.718081 0.998903 0.404596 0.668207 0.914866 0.149264
0 0.552344 0.438889 0.0515625 0.177778 0.552018 0.444952 0.998953 0.559167 0.481686 0.998934 0.565456 0.507171 0.997108 0.542608 0.372164 0.995297 0.147537
0 0.960156 0.927778 0.0796875 0.144444 0.981981 0.949404 0.824842 0.982523 0.949855 0.650065 0 0 0.17583 0 0 0.214165 0.146623
0 0.547656 0.4375 0.0546875 0.186111 0.554477 0.447361 0.999196 0.559853 0.480703 0.999454 0.564254 0.50469 0.998478 0.542668 0.371337 0.991083 0.143828
0 0.304688 0.868056 0.09375 0.0916667 0.299994 0.864026 0.993513 0.325414 0.873878 0.995727 0.343334 0.877526 0.986723 0 0 0.363056 0.14261
0 0.303906 0.870833 0.0921875 0.0916667 0.301552 0.866787 0.992632 0.326153 0.876601 0.990848 0.343588 0.881475 0.96228 0 0 0.342445 0.141739
0 0.622656 0.383333 0.101562 0.0833333 0.623501 0.375349 0.994672 0.645157 0.37489 0.996731 0.662527 0.373162 0.993693 0.57885 0.389991 0.9613 0.140298
0 0.355469 0.294444 0.0671875 0.2 0.35581 0.28252 0.999779 0.352511 0.240328 0.999694 0.352833 0.210936 0.998281 0.357224 0.370609 0.999806 0.126531
0 0.357031 0.294444 0.0609375 0.205556 0.362153 0.286232 0.998684 0.358913 0.239505 0.998307 0.356666 0.212658 0.994137 0.362338 0.373475 0.999113 0.118157
0 0.271875 0.420833 0.0625 0.219444 0.273906 0.412067 0.999377 0.269446 0.369553 0.999209 0.269584 0.340167 0.996185 0.281967 0.503027 0.998352 0.113313
0 0.271094 0.423611 0.0671875 0.219444 0.274009 0.417539 0.999645 0.269194 0.378269 0.999584 0.266416 0.348835 0.997986 0.279084 0.504613 0.999619 0.10792
0 0.667969 0.526389 0.0765625 0.152778 0.672131 0.522828 0.997937 0.683484 0.542952 0.999472 0.693197 0.557714 0.999064 0.652351 0.487996 0.714721 0.106785
0 0.458594 0.694444 0.120312 0.122222 0.456313 0.698517 0.99886 0.485607 0.705713 0.99962 0.508071 0.712039 0.999301 0.401413 0.671004 0.945512 0.104641
0 0.554688 0.436111 0.05625 0.172222 0.551928 0.446678 0.999705 0.558869 0.476973 0.99962 0.565883 0.50088 0.998782 0.544594 0.376918 0.999024 0.103998
0 0.271875 0.420833 0.065625 0.219444 0.272365 0.411427 0.999193 0.268639 0.370634 0.999066 0.268856 0.341275 0.996096 0.278629 0.498751 0.998637 0.100657
