0 0.6875 0.805556 0.084375 0.211111 0.704649 0.821814 0.999476 0.717462 0.863726 0.999546 0.72485 0.888595 0.996604 0.658342 0.72507 0.999357 0.751905
0 0.954687 0.801389 0.06875 0.158333 0.958178 0.802368 0.997675 0.965211 0.835006 0.997269 0.970458 0.856442 0.990546 0.944263 0.744151 0.989631 0.730284
0 0.6875 0.806944 0.084375 0.213889 0.70578 0.820756 0.999478 0.71753 0.860766 0.999472 0.725132 0.884895 0.996308 0.662308 0.725568 0.999501 0.723325
0 0.686719 0.805556 0.0828125 0.211111 0.705643 0.820601 0.999802 0.717072 0.863521 0.999783 0.723654 0.890832 0.998828 0.663169 0.723404 0.999584 0.708147
0 0.6875 0.806944 0.084375 0.208333 0.703788 0.8232 0.999545 0.716762 0.864785 0.999406 0.724945 0.890317 0.995615 0.657534 0.730735 0.999367 0.691935
0 0.954687 0.8 0.06875 0.161111 0.956898 0.801919 0.998563 0.964549 0.835471 0.999064 0.970385 0.857319 0.997317 0.939681 0.731333 0.981784 0.686244
0 0.955469 0.8 0.0703125 0.155556 0.956672 0.804173 0.99929 0.965399 0.837456 0.999299 0.971621 0.858674 0.997277 0.940391 0.746969 0.99253 0.68367
0 0.689062 0.805556 0.0875 0.211111 0.70484 0.824611 0.999356 0.718395 0.863771 0.998795 0.726354 0.885846 0.991369 0.656478 0.732674 0.999009 0.678648
0 0.686719 0.804167 0.0828125 0.208333 0.701879 0.8251 0.999873 0.714621 0.867531 0.999799 0.722364 0.896548 0.998899 0.655981 0.726424 0.999578 0.671423
0 0.689062 0.806944 0.0875 0.213889 0.706358 0.822776 0.999008 0.718759 0.861964 0.998607 0.725874 0.885188 0.99066 0.661817 0.728368 0.999184 0.666986
0 0.6875 0.804167 0.084375 0.219444 0.702492 0.824037 0.999616 0.711963 0.859146 0.999491 0.71783 0.88305 0.997837 0.667974 0.724282 0.999568 0.654282
0 0.689844 0.805556 0.0890625 0.211111 0.705826 0.823897 0.999151 0.719226 0.864561 0.999029 0.726623 0.888215 0.993593 0.659971 0.728802 0.999044 0.62854
0 0.955469 0.798611 0.0703125 0.158333 0.956395 0.79967 0.999202 0.965515 0.833089 0.999612 0.971684 0.854119 0.998809 0.938046 0.738867 0.985679 0.625712
0 0.686719 0.806944 0.0828125 0.213889 0.706048 0.818961 0.999666 0.716001 0.859576 0.999575 0.722611 0.884404 0.997827 0.666231 0.723312 0.999352 0.617508
0 0.953906 0.8 0.0703125 0.155556 0.957867 0.814065 0.999831 0.960482 0.844897 0.999875 0.961334 0.869471 0.999505 0.953531 0.766512 0.995811 0.589024
0 0.954687 0.798611 0.071875 0.158333 0.956977 0.800266 0.999323 0.964656 0.834842 0.999289 0.96938 0.857843 0.996786 0.941707 0.746101 0.978289 0.579788
0 0.821875 0.659722 0.128125 0.219444 0.825921 0.697532 0.99984 0.852656 0.75236 0.999549 0.870306 0.787133 0.994027 0.7674 0.573365 0.997985 0.553633
0 0.817969 0.654167 0.120312 0.202778 0.82336 0.675723 0.99967 0.848877 0.718423 0.999746 0.865518 0.745123 0.998559 0.765254 0.570731 0.993587 0.547716
0 0.977344 0.606944 0.0421875 0.141667 0.988729 0.605395 0.587667 0 0 0.420868 0 0 0.298111 0.967876 0.569279 0.955411 0.532949
0 0.821094 0.654167 0.126563 0.208333 0.822881 0.686369 0.999488 0.847548 0.734619 0.999239 0.8632 0.764264 0.99416 0.765266 0.566925 0.997469 0.504363
0 0.95625 0.797222 0.06875 0.161111 0.955906 0.798047 0.999572 0.963551 0.827631 0.999758 0.96905 0.852284 0.999152 0.941843 0.736268 0.98828 0.502165
0 0.954687 0.804167 0.06875 0.163889 0.957932 0.810658 0.998154 0.962805 0.836325 0.997746 0.966631 0.859467 0.994342 0.951023 0.769249 0.988636 0.496283
0 0.977344 0.601389 0.0421875 0.130556 0.987272 0.594582 0.57995 0 0 0.421242 0 0 0.309844 0.96825 0.564496 0.96447 0.488196
0 0.820312 0.652778 0.125 0.2 0.822988 0.680676 0.99954 0.848265 0.727142 0.999479 0.864577 0.755141 0.996748 0.764742 0.567802 0.995129 0.461723
0 0.819531 0.654167 0.120312 0.202778 0.82364 0.675006 0.999809 0.848674 0.722272 0.999729 0.865443 0.750786 0.997924 0.764527 0.568642 0.993275 0.449718
0 0.978125 0.613889 0.04375 0.155556 0.989348 0.619797 0.725742 0.991272 0.612537 0.536522 0 0 0.360539 0.965647 0.578807 0.968684 0.444755
0 0.977344 0.604167 0.0453125 0.141667 0 0 0.456556 0 0 0.26392 0 0 0.200272 0.967738 0.568915 0.960509 0.439989
0 0.821094 0.665278 0.126563 0.230556 0.827635 0.698236 0.999717 0.854831 0.746952 0.999383 0.872903 0.778854 0.995612 0.763818 0.576498 0.997841 0.436645
0 0.819531 0.647222 0.123438 0.194444 0.827034 0.683633 0.999134 0.852332 0.726559 0.998626 0.869516 0.75404 0.993749 0.763336 0.574273 0.994431 0.432013
0 0.978125 0.609722 0.04375 0.147222 0.990276 0.603561 0.501548 0 0 0.320285 0 0 0.258262 0.968461 0.570403 0.951787 0.425279
0 0.821875 0.652778 0.125 0.2 0.824635 0.684885 0.999845 0.850847 0.735283 0.99962 0.868466 0.765266 0.995907 0.763932 0.572898 0.996177 0.411001
0 0.7 0.0458333 0.096875 0.0861111 0.706625 0.0178143 0.997352 0.713385 0.0278595 0.995932 0.715546 0.0375032 0.970441 0.669746 0.0664629 0.946439 0.398869
0 0.81875 0.652778 0.121875 0.2 0.824324 0.678204 0.999367 0.849404 0.722288 0.999381 0.865866 0.750019 0.996706 0.764435 0.568248 0.995435 0.396188
0 0.700781 0.0486111 0.0921875 0.0972222 0.710968 0.0159489 0.978754 0.72347 0.0406819 0.991228 0.733719 0.0646035 0.979934 0.676954 0.0380626 0.567771 0.393939
0 0.978125 0.616667 0.04375 0.161111 0.990699 0.616935 0.56804 0 0 0.359841 0 0 0.281295 0.966267 0.575611 0.945125 0.382399
0 0.665625 0.551389 0.05 0.225 0.66677 0.574547 0.998988 0.664305 0.621117 0.999063 0.663331 0.650981 0.996499 0.661505 0.464156 0.996268 0.36933
0 0.953906 0.797222 0.0703125 0.15 0.954368 0.797148 0.999577 0.96259 0.828173 0.999771 0.968636 0.847521 0.999164 0.938259 0.744291 0.97497 0.34988
0 0.664062 0.554167 0.046875 0.225 0.666867 0.57588 0.99896 0.661938 0.619815 0.999152 0.659683 0.64758 0.996577 0.663382 0.468971 0.993321 0.337419
0 0.7 0.0472222 0.096875 0.0944444 0.70968 0.0195377 0.99346 0.723504 0.0396461 0.995202 0.732607 0.0594326 0.98094 0.668194 0.058115 0.833577 0.33455
0 0.815625 0.645833 0.1125 0.191667 0.823606 0.673571 0.999312 0.849473 0.715716 0.999185 0.86745 0.744886 0.995823 0.764324 0.571466 0.988971 0.332903
0 0.699219 0.0458333 0.0953125 0.0916667 0.709637 0.0182183 0.995928 0.72131 0.0349834 0.9958 0.726403 0.0511655 0.978988 0.669287 0.0649378 0.925366 0.331887
0 0.957031 0.794444 0.0671875 0.166667 0.952009 0.793835 0.992375 0.959635 0.811711 0.997089 0.966829 0.834177 0.996148 0.932817 0.71437 0.978042 0.326382
0 0.665625 0.55 0.053125 0.233333 0.670471 0.568799 0.997177 0.668506 0.613524 0.997539 0.667738 0.642129 0.991941 0.662143 0.458482 0.994327 0.323536
0 0.977344 0.580556 0.0421875 0.0944444 0.982174 0.5802 0.742622 0.982509 0.582205 0.700826 0.981586 0.580679 0.628637 0.968851 0.560554 0.935254 0.300836
0 0.664844 0.55 0.0515625 0.227778 0.668598 0.572005 0.997715 0.666292 0.618554 0.997856 0.665087 0.647951 0.991827 0.663108 0.45764 0.995523 0.262483
0 0.666406 0.548611 0.0515625 0.230556 0.669324 0.570761 0.999071 0.666204 0.613046 0.999173 0.66426 0.639413 0.996536 0.662399 0.458302 0.996609 0.254012
0 0.666406 0.548611 0.0546875 0.230556 0.671087 0.562037 0.998653 0.669596 0.600092 0.998645 0.66923 0.625305 0.995291 0.659915 0.459517 0.995784 0.245093
0 0.977344 0.590278 0.0453125 0.119444 0.98526 0.582449 0.561477 0 0 0.462653 0 0 0.409135 0.968229 0.56345 0.907949 0.210786
0 0.703125 0.05 0.090625 0.1 0.712416 0.0257459 0.983986 0.72477 0.0498223 0.994083 0.733919 0.0715844 0.991176 0.683895 0.0257398 0.556737 0.191959
0 0.479688 0.105556 0.040625 0.111111 0.479685 0.104096 0.991037 0.482814 0.130653 0.986863 0.482796 0.148407 0.965705 0.476454 0.0601857 0.968125 0.178003
0 0.975781 0.608333 0.0484375 0.15 0.986709 0.588708 0.678436 0.990398 0.592751 0.520307 0 0 0.371946 0.967161 0.565471 0.92696 0.176592
0 0.7 0.0444444 0.096875 0.0833333 0.707272 0.0237867 0.998488 0.718178 0.0316004 0.997307 0.722143 0.0398695 0.983565 0.664402 0.0611666 0.990489 0.169885
0 0.0335938 0.290278 0.0671875 0.163889 0.0137504 0.282378 0.974441 0.0260499 0.320143 0.986348 0.0367558 0.347234 0.976386 0 0 0.477944 0.154586
0 0.664062 0.548611 0.053125 0.236111 0.668338 0.565523 0.998064 0.666451 0.604969 0.997845 0.667776 0.630472 0.994 0.663314 0.458476 0.995426 0.140934
0 0.698438 0.0444444 0.096875 0.0777778 0.700248 0.0174688 0.992419 0.703669 0.0192758 0.986399 0.704386 0.0248483 0.927605 0.670832 0.0579385 0.944082 0.136588
0 0.621875 0.941667 0.128125 0.116667 0.62136 0.954411 0.999152 0.648018 0.969315 0.998363 0.666286 0.973361 0.986854 0.561028 0.912871 0.976261 0.129552
0 0.699219 0.0458333 0.0984375 0.0916667 0.709885 0.0237138 0.998976 0.72528 0.0415775 0.998858 0.731206 0.056301 0.994718 0.664356 0.0537335 0.984338 0.128034
0 0.0335938 0.290278 0.0671875 0.163889 0.0122727 0.28458 0.970364 0.0246829 0.322334 0.987498 0.036329 0.349155 0.980329 0 0 0.352793 0.126098
0 0.478125 0.101389 0.0375 0.119444 0.480347 0.109322 0.996258 0.481773 0.136584 0.997261 0.483582 0.151393 0.993352 0.474005 0.0577302 0.995965 0.107045
0 0.621875 0.943056 0.134375 0.113889 0.62309 0.954821 0.997297 0.648992 0.970075 0.990625 0.665898 0.976256 0.909126 0.563246 0.921137 0.946591 0.104228
0 0.624219 0.9375 0.126563 0.125 0.62734 0.94967 0.996015 0.652744 0.962908 0.995641 0.671661 0.969034 0.986414 0.57904 0.910882 0.964579 0.101592
0 0.478906 0.101389 0.0359375 0.125 0.480074 0.111799 0.997115 0.48081 0.138373 0.997542 0.481518 0.1534 0.993721 0.474295 0.0622785 0.995318 0.100109
