0 0.621094 0.372222 0.151562 0.272222 0.619991 0.367619 0.99996 0.589912 0.42081 0.999957 0.571599 0.45419 0.999492 0.685786 0.259172 0.999784 0.809288
0 0.620313 0.376389 0.15625 0.275 0.612359 0.386009 0.999963 0.576556 0.44179 0.999968 0.555337 0.479843 0.999662 0.688908 0.275153 0.999687 0.8079
0 0.621875 0.370833 0.15 0.275 0.617661 0.364061 0.999969 0.587713 0.425112 0.999967 0.568837 0.464001 0.999468 0.688377 0.251185 0.999587 0.798376
0 0.620313 0.373611 0.15625 0.280556 0.61237 0.381294 0.99997 0.578671 0.444005 0.999967 0.558935 0.487366 0.999327 0.687738 0.257768 0.999632 0.794079
0 0.623438 0.3625 0.146875 0.252778 0.62051 0.360528 0.999954 0.592221 0.416354 0.999948 0.574416 0.449729 0.999259 0.686333 0.25584 0.999653 0.793432
0 0.619531 0.377778 0.157813 0.277778 0.60779 0.399853 0.999955 0.5726 0.455877 0.999959 0.550879 0.494473 0.999474 0.683782 0.291201 0.999452 0.780223
0 0.625 0.355556 0.14375 0.233333 0.622003 0.363247 0.99982 0.59426 0.409226 0.999748 0.578311 0.439205 0.997472 0.683922 0.261131 0.999401 0.758792
0 0.621875 0.373611 0.15 0.280556 0.614207 0.371387 0.999939 0.583433 0.433189 0.999898 0.56557 0.476689 0.997956 0.686697 0.248773 0.999329 0.713177
0 0.629687 0.3375 0.134375 0.197222 0.624476 0.357689 0.999826 0.598295 0.405147 0.99976 0.582083 0.433147 0.99702 0.686127 0.259387 0.999329 0.557767
0 0.636719 0.326389 0.120312 0.180556 0.627853 0.353893 0.999572 0.604521 0.397424 0.999077 0.590563 0.422535 0.98763 0.687725 0.260528 0.999051 0.467366
0 0.696875 0.0625 0.09375 0.102778 0.692654 0.071526 0.999693 0.684146 0.0807948 0.999829 0.678299 0.0818794 0.9995 0.712548 0.0592449 0.997837 0.46013
0 0.6375 0.327778 0.11875 0.183333 0.627047 0.355793 0.999304 0.603405 0.394577 0.998829 0.589146 0.418875 0.989515 0.687349 0.262486 0.998505 0.430693
0 0.696875 0.0638889 0.09375 0.1 0.69157 0.0710708 0.999598 0.67667 0.0826643 0.999804 0.666346 0.0878519 0.99947 0.715708 0.0499034 0.989928 0.399538
0 0.698438 0.0625 0.09375 0.108333 0.697424 0.0659311 0.999013 0.693224 0.0719334 0.999525 0.692335 0.0728772 0.998841 0.708193 0.055349 0.993864 0.375532
0 0.699219 0.0611111 0.0890625 0.1 0.696434 0.0686325 0.99951 0.695554 0.0730038 0.999635 0.696471 0.0714822 0.999054 0.706182 0.0676557 0.99904 0.325417
0 0.696875 0.0625 0.09375 0.108333 0.695162 0.0682263 0.998949 0.683676 0.0764026 0.999621 0.677327 0.0822268 0.99911 0.713027 0.0514312 0.9785 0.267617
0 0.629687 0.343056 0.13125 0.213889 0.624145 0.358503 0.999878 0.599529 0.40978 0.999748 0.584307 0.440611 0.996003 0.687671 0.256965 0.999424 0.249401
0 0.960938 0.0652778 0.071875 0.130556 0.964053 0.0477713 0.977262 0.970169 0.0764268 0.983003 0.973208 0.097957 0.950042 0 0 0.348564 0.238039
0 0.700781 0.0597222 0.0921875 0.102778 0.699132 0.061488 0.997831 0.701494 0.0627148 0.998551 0.705858 0.0604477 0.997097 0.702366 0.0623825 0.996232 0.235656
0 0.960938 0.0638889 0.071875 0.127778 0.96384 0.0512034 0.990585 0.971693 0.0762986 0.992356 0.97485 0.0952491 0.975115 0.942132 0.0511607 0.573159 0.231606
0 0.694531 0.0722222 0.0953125 0.0944444 0.68807 0.0729931 0.999522 0.673007 0.0847774 0.999691 0.662543 0.0917472 0.99915 0.715686 0.0531986 0.989882 0.228421
0 0.620313 0.373611 0.153125 0.275 0.616239 0.372841 0.999972 0.584072 0.432727 0.999974 0.56431 0.471491 0.999605 0.687559 0.253616 0.999786 0.223354
0 0.703125 0.0569444 0.0875 0.0972222 0.702441 0.0615426 0.993912 0.707257 0.0620498 0.995073 0.715716 0.0616917 0.992157 0.702862 0.0711838 0.996535 0.223168
0 0.696875 0.0694444 0.09375 0.1 0.689183 0.074069 0.999546 0.678817 0.083162 0.999677 0.672137 0.0878282 0.999165 0.71324 0.0622591 0.997285 0.216004
0 0.960156 0.0666667 0.0734375 0.133333 0.963566 0.0546875 0.975122 0.969831 0.0757443 0.978308 0.972308 0.093562 0.945194 0.941842 0.0530065 0.509006 0.213324
0 0.690625 0.0680556 0.103125 0.102778 0.684624 0.0717025 0.999361 0.670053 0.0832235 0.999708 0.66186 0.0904363 0.999312 0.714365 0.0446127 0.966427 0.209628
0 0.961719 0.0666667 0.0734375 0.133333 0.963652 0.0443383 0.964732 0.970226 0.0725998 0.977755 0.975382 0.0973191 0.944813 0 0 0.275004 0.209016
0 0.960156 0.0666667 0.0734375 0.133333 0.964522 0.0558183 0.982565 0.97222 0.0712967 0.981324 0.975012 0.0854109 0.952119 0.940901 0.066773 0.788011 0.207507
0 0.697656 0.0611111 0.0953125 0.111111 0.690625 0.07171 0.998749 0.676557 0.0761137 0.998325 0.66667 0.0954843 0.993826 0.730452 0.0631167 0.967955 0.186057
0 0.961719 0.0652778 0.0703125 0.130556 0.964643 0.0417631 0.973029 0.970849 0.0741114 0.98731 0.974996 0.0990372 0.956402 0 0 0.166469 0.176143
0 0.703906 0.0513889 0.0921875 0.0916667 0.702467 0.0498861 0.967347 0.706552 0.0485267 0.979684 0.7136 0.049291 0.976681 0.70054 0.0632492 0.986713 0.168399
0 0.961719 0.0638889 0.0703125 0.127778 0.963205 0.04365 0.987963 0.970932 0.0732984 0.993066 0.97521 0.0961065 0.970511 0 0 0.281864 0.163992
0 0.0257812 0.104167 0.0515625 0.158333 0.0174845 0.10593 0.815189 0.00850434 0.130487 0.699003 0 0 0.494829 0.0439087 0.0563892 0.685246 0.144937
0 0.960156 0.0680556 0.0765625 0.136111 0.962956 0.0530591 0.990027 0.969432 0.0683514 0.985843 0.972761 0.0834997 0.941664 0.943115 0.0668988 0.781796 0.129922
0 0.642969 0.323611 0.107813 0.175 0.635498 0.346553 0.997926 0.616321 0.382489 0.99353 0.605083 0.404026 0.945764 0.686686 0.264577 0.997259 0.120683
0 0.959375 0.0680556 0.071875 0.136111 0.966229 0.0493319 0.926972 0.978876 0.0726768 0.943176 0.985141 0.0939192 0.925167 0.947801 0.0573888 0.624365 0.112215
0 0.028125 0.105556 0.05625 0.155556 0.017123 0.112329 0.739615 0.00877058 0.139369 0.646081 0 0 0.480894 0.0433026 0.0561394 0.603855 0.105792
