0 0.948438 0.218056 0.090625 0.152778 0.946689 0.229002 0.999333 0.930538 0.256363 0.999295 0.92102 0.272148 0.995691 0.988277 0.160004 0.999279 0.774499
0 0.947656 0.218056 0.0890625 0.152778 0.946354 0.228969 0.999214 0.929369 0.258974 0.999124 0.919427 0.274571 0.994129 0.989218 0.159653 0.999017 0.759423
0 0.947656 0.216667 0.0890625 0.155556 0.946554 0.228775 0.997587 0.930727 0.259475 0.997424 0.921042 0.27595 0.985287 0.989036 0.154423 0.996772 0.758747
0 0.946875 0.219444 0.090625 0.155556 0.945956 0.22793 0.999314 0.929368 0.259588 0.998882 0.920495 0.276669 0.990727 0.987554 0.15826 0.999006 0.739856
0 0.947656 0.219444 0.0921875 0.155556 0.945117 0.227869 0.999377 0.927452 0.259106 0.999062 0.917518 0.27482 0.991993 0.986384 0.162766 0.998929 0.736699
0 0.949219 0.216667 0.0890625 0.155556 0.947524 0.229787 0.99585 0.931712 0.257382 0.995695 0.922421 0.273026 0.981519 0.98854 0.155302 0.996735 0.731643
0 0.949219 0.218056 0.0921875 0.152778 0.945386 0.228573 0.998948 0.928922 0.2582 0.998739 0.91905 0.275812 0.991609 0.986391 0.160652 0.99818 0.730559
0 0.946875 0.218056 0.0875 0.152778 0.9454 0.229982 0.997327 0.929642 0.259626 0.995456 0.920014 0.277488 0.969898 0.989037 0.154833 0.995809 0.711743
0 0.946875 0.220833 0.09375 0.158333 0.944859 0.22956 0.999558 0.927236 0.261631 0.999134 0.917325 0.277858 0.991678 0.986445 0.162548 0.999211 0.683773
0 0.629687 0.393056 0.09375 0.0527778 0.64249 0.390204 0.998052 0.659813 0.395446 0.99804 0.670551 0.39606 0.994676 0.594958 0.392032 0.996629 0.508109
0 0.632812 0.393056 0.090625 0.0527778 0.642388 0.39088 0.997881 0.658205 0.397455 0.997889 0.668719 0.400072 0.99463 0.598468 0.390975 0.993599 0.46166
0 0.630469 0.393056 0.0890625 0.0527778 0.639968 0.391743 0.997138 0.658864 0.394098 0.997198 0.672314 0.393549 0.9936 0.595897 0.392161 0.990452 0.394776
0 0.945312 0.220833 0.096875 0.158333 0.945323 0.229325 0.998953 0.92648 0.259504 0.998592 0.914561 0.278907 0.991347 0.985062 0.166067 0.995311 0.371332
0 0.811719 0.413889 0.110937 0.0833333 0.818738 0.407195 0.997893 0.844122 0.410235 0.99823 0.862111 0.411186 0.995463 0.765998 0.413496 0.971174 0.334216
0 0.809375 0.415278 0.11875 0.0861111 0.820412 0.404947 0.997813 0.844375 0.409009 0.998137 0.861201 0.409615 0.994639 0.775676 0.414929 0.961164 0.306917
0 0.95 0.216667 0.0875 0.155556 0.94817 0.226067 0.998707 0.931042 0.251623 0.998456 0.921941 0.268838 0.993417 0.990438 0.158542 0.998498 0.304597
0 0.630469 0.390278 0.0890625 0.0583333 0.642511 0.393116 0.998165 0.661098 0.394339 0.998736 0.675228 0.393223 0.997039 0.594706 0.393687 0.992628 0.285393
0 0.805469 0.416667 0.126563 0.0833333 0.821027 0.403917 0.998276 0.837968 0.40799 0.998179 0.850756 0.406288 0.993676 0.80126 0.413511 0.984356 0.229004
0 0.814062 0.413889 0.10625 0.0833333 0.819758 0.408025 0.996385 0.843255 0.410692 0.997437 0.860403 0.413168 0.994397 0.765713 0.411596 0.967811 0.219689
0 0.63125 0.398611 0.0875 0.0527778 0.643962 0.389393 0.994499 0.662197 0.395314 0.992568 0.677048 0.403745 0.977919 0.602777 0.396727 0.95716 0.217839
0 0.630469 0.391667 0.0953125 0.0611111 0.642982 0.389373 0.998619 0.659574 0.39361 0.999069 0.671424 0.394976 0.997627 0.59452 0.391871 0.997517 0.217072
0 0.632812 0.391667 0.090625 0.0611111 0.642645 0.391266 0.998865 0.658786 0.395845 0.999132 0.670791 0.39817 0.997838 0.595888 0.392308 0.997025 0.193153
0 0.807813 0.413889 0.121875 0.0833333 0.819981 0.404452 0.998623 0.843198 0.409488 0.998081 0.859149 0.410845 0.992664 0.780811 0.414488 0.955983 0.182094
0 0.810938 0.4125 0.1125 0.0861111 0.817557 0.40612 0.998728 0.843791 0.410027 0.998814 0.861654 0.412432 0.996606 0.76518 0.41408 0.970681 0.172917
0 0.100781 0.508333 0.101562 0.0444444 0.106292 0.503761 0.994681 0.123166 0.504912 0.989724 0.135319 0.503158 0.956752 0.0564953 0.5147 0.994825 0.164858
0 0.370313 0.704167 0.059375 0.0861111 0.375161 0.706628 0.998392 0.383207 0.680099 0.997757 0.389394 0.662573 0.991132 0.350452 0.772138 0.991223 0.16042
0 0.634375 0.394444 0.1 0.0555556 0.644563 0.390739 0.997312 0.660283 0.3961 0.998041 0.671423 0.400138 0.9967 0.596598 0.392768 0.992276 0.139499
0 0.682813 0.636111 0.0625 0.138889 0.684781 0.634215 0.996449 0.674335 0.610418 0.997134 0.665552 0.596357 0.991257 0.704272 0.694333 0.9867 0.138677
0 0.555469 0.4375 0.0328125 0.191667 0.553946 0.442761 0.998866 0.558768 0.477438 0.99927 0.562405 0.499453 0.997848 0.547433 0.36407 0.993671 0.130466
0 0.801562 0.413889 0.134375 0.0833333 0.818166 0.403036 0.998481 0.8309 0.405319 0.997084 0.840191 0.404824 0.985535 0.80912 0.416929 0.983123 0.129619
0 0.813281 0.4125 0.107813 0.0861111 0.819013 0.407794 0.997182 0.843407 0.409925 0.998086 0.86066 0.413514 0.995532 0.761931 0.412366 0.973672 0.127377
0 0.55625 0.4375 0.034375 0.191667 0.553856 0.453261 0.998863 0.558832 0.487759 0.999237 0.562651 0.510036 0.997739 0.546442 0.373367 0.990545 0.121384
0 0.817187 0.670833 0.178125 0.213889 0.826826 0.67181 0.999254 0.835092 0.655466 0.998794 0.840288 0.648823 0.985115 0.77142 0.746223 0.978274 0.117573
0 0.1 0.506944 0.103125 0.0472222 0.108917 0.501154 0.997377 0.127597 0.504668 0.995823 0.139464 0.5021 0.98118 0.0526312 0.516098 0.997477 0.108468
