0 0.959375 0.0513889 0.078125 0.0694444 0.971929 0.0469508 0.959982 0.981025 0.0504765 0.894234 0.986877 0.0511792 0.58687 0.926737 0.0534859 0.990734 0.688822
0 0.958594 0.05 0.0796875 0.0722222 0.970754 0.0465098 0.946692 0.978663 0.0514586 0.874852 0.983607 0.0517586 0.575741 0.927417 0.0519837 0.985316 0.677808
0 0.648438 0.890278 0.0625 0.191667 0.640065 0.893587 0.999079 0.649058 0.933449 0.999396 0.655914 0.957876 0.997173 0.627206 0.809577 0.972146 0.676152
0 0.651563 0.891667 0.065625 0.188889 0.638339 0.88958 0.99941 0.64743 0.932494 0.999125 0.655283 0.956715 0.994198 0.625404 0.812746 0.979457 0.65743
0 0.650781 0.890278 0.0640625 0.191667 0.639424 0.892447 0.999195 0.649131 0.934971 0.99921 0.656795 0.958594 0.995749 0.625302 0.80955 0.98603 0.612997
0 0.959375 0.0527778 0.08125 0.0777778 0.971928 0.0459034 0.954205 0.979573 0.052082 0.823268 0 0 0.448115 0.926618 0.0477823 0.978966 0.600378
0 0.959375 0.0513889 0.08125 0.0805556 0.97168 0.0436571 0.929178 0.978814 0.0492823 0.770549 0 0 0.368506 0.926328 0.0505488 0.977351 0.595493
0 0.958594 0.0527778 0.0796875 0.0611111 0.969218 0.0477782 0.977899 0.981023 0.0496013 0.941923 0.989792 0.0509228 0.789423 0.925286 0.0494089 0.99256 0.573655
0 0.959375 0.0527778 0.08125 0.0722222 0.970574 0.0500719 0.967931 0.979742 0.055397 0.902986 0.983581 0.0550856 0.582705 0.928006 0.0492179 0.990382 0.540227
0 0.958594 0.0541667 0.0796875 0.0694444 0.971552 0.0490074 0.969499 0.982741 0.0533335 0.890409 0.988509 0.0541125 0.521156 0.927053 0.0511883 0.995224 0.525199
0 0.650781 0.893056 0.0640625 0.191667 0.640493 0.888303 0.999007 0.649056 0.931026 0.998411 0.656574 0.954135 0.989507 0.6289 0.805106 0.977816 0.517046
0 0.958594 0.0555556 0.0796875 0.0611111 0.970077 0.0531611 0.977603 0.983995 0.0542269 0.932003 0.993128 0.0547982 0.746699 0.926626 0.0497949 0.995558 0.5026
0 0.65 0.890278 0.065625 0.197222 0.641035 0.893669 0.998503 0.649285 0.933874 0.998983 0.656071 0.957584 0.995956 0.629038 0.810348 0.946814 0.494016
0 0.645312 0.516667 0.0875 0.172222 0.645189 0.512746 0.998838 0.663833 0.481926 0.99952 0.676831 0.46229 0.998473 0.610388 0.572266 0.741345 0.452866
0 0.652344 0.891667 0.0671875 0.194444 0.639683 0.894332 0.998863 0.646803 0.929644 0.998007 0.653612 0.952377 0.984913 0.632413 0.829574 0.948793 0.444915
0 0.645312 0.520833 0.0875 0.186111 0.648646 0.509237 0.999235 0.663315 0.478056 0.999714 0.673649 0.462123 0.999314 0.622194 0.559478 0.799823 0.436639
0 0.65 0.890278 0.065625 0.197222 0.640994 0.891364 0.998654 0.65002 0.933476 0.998582 0.657382 0.955624 0.993109 0.626992 0.807176 0.97724 0.430559
0 0.878906 0.830556 0.0453125 0.0555556 0.880226 0.83069 0.996436 0.872765 0.836414 0.998836 0.867368 0.838824 0.998119 0.885082 0.817935 0.96934 0.418713
0 0.878906 0.829167 0.0453125 0.0583333 0.880062 0.828808 0.99674 0.871921 0.833395 0.998845 0.866113 0.836252 0.998254 0.885877 0.817647 0.960698 0.392386
0 0.64375 0.522222 0.090625 0.183333 0.644254 0.508911 0.997134 0.66137 0.492009 0.998871 0.674567 0.482587 0.997861 0.619901 0.539795 0.739576 0.383001
0 0.647656 0.513889 0.0796875 0.166667 0.646615 0.512445 0.998611 0.664912 0.483779 0.999451 0.679168 0.466863 0.998428 0.609209 0.572343 0.845357 0.372711
0 0.879687 0.830556 0.046875 0.0555556 0.880013 0.830118 0.996831 0.872279 0.834283 0.99869 0.865059 0.837218 0.997956 0.886407 0.82002 0.965348 0.334974
0 0.878906 0.830556 0.0453125 0.0611111 0.880944 0.830801 0.996308 0.873045 0.83678 0.998637 0.866508 0.839553 0.99774 0.887213 0.819844 0.971416 0.323899
0 0.651563 0.893056 0.06875 0.197222 0.641587 0.892473 0.998406 0.648949 0.928227 0.996368 0.65693 0.952368 0.970466 0.634129 0.824168 0.962952 0.318401
0 0.571094 0.516667 0.0546875 0.222222 0.573285 0.52833 0.983618 0.577945 0.57064 0.971051 0.584096 0.603123 0.895474 0.571034 0.433546 0.956919 0.246135
0 0.644531 0.508333 0.0890625 0.161111 0.646824 0.507566 0.998842 0.664098 0.480886 0.999393 0.677736 0.463562 0.998158 0.610866 0.563045 0.825073 0.201999
0 0.958594 0.0472222 0.0796875 0.0777778 0.972476 0.0310529 0.730629 0.987974 0.0367915 0.666737 0.994737 0.0460827 0.578896 0.925632 0.0500081 0.893142 0.187129
0 0.64375 0.516667 0.090625 0.172222 0.644674 0.510052 0.998495 0.662027 0.485148 0.999433 0.673537 0.470728 0.998537 0.614756 0.561327 0.722335 0.180645
0 0.646875 0.8875 0.0625 0.191667 0.641722 0.893525 0.998325 0.649244 0.930198 0.997859 0.657072 0.955135 0.98876 0.631257 0.815087 0.966614 0.172001
0 0.642969 0.516667 0.0921875 0.177778 0.645885 0.504301 0.996839 0.66305 0.487823 0.998605 0.676719 0.476316 0.996878 0.618545 0.536599 0.804112 0.166687
0 0.64375 0.513889 0.0875 0.166667 0.645748 0.509804 0.998635 0.66443 0.4823 0.999221 0.678055 0.464141 0.997606 0.608023 0.57018 0.82192 0.160252
0 0.572656 0.518056 0.0515625 0.219444 0.574624 0.526976 0.992255 0.577914 0.574019 0.985929 0.581117 0.608395 0.929494 0.570883 0.421561 0.977748 0.14789
0 0.0148437 0.148611 0.0296875 0.158333 0.00375455 0.138155 0.636349 0.00466714 0.157305 0.683322 0.0113117 0.173814 0.680893 0.0152472 0.118642 0.78842 0.12446
0 0.959375 0.0458333 0.078125 0.075 0.970678 0.0365241 0.925081 0.990693 0.0393671 0.895444 1 0.0425282 0.816455 0.927057 0.0530817 0.93497 0.123612
0 0.575781 0.518056 0.0515625 0.225 0.576525 0.531314 0.999146 0.576878 0.583549 0.99854 0.578207 0.622865 0.988967 0.574806 0.42633 0.981107 0.116688
0 0.572656 0.519444 0.0546875 0.222222 0.576051 0.526543 0.98165 0.578294 0.573406 0.975266 0.580881 0.608657 0.91417 0.573602 0.424157 0.96529 0.102294
