0 0.640625 0.154167 0.15 0.147222 0.647318 0.152174 0.999855 0.681842 0.178893 0.999798 0.705548 0.195411 0.998939 0.574277 0.101247 0.998485 0.782805
0 0.640625 0.154167 0.15 0.147222 0.648916 0.151488 0.999906 0.683553 0.181754 0.999824 0.706727 0.198817 0.999021 0.573336 0.09966 0.997169 0.779055
0 0.697656 0.594444 0.129688 0.288889 0.695723 0.591512 0.99981 0.671311 0.652422 0.999715 0.656865 0.689674 0.995291 0.750893 0.466786 0.999278 0.777612
0 0.696875 0.598611 0.13125 0.297222 0.69413 0.590332 0.9999 0.669518 0.655502 0.999841 0.656374 0.696714 0.997034 0.752941 0.463281 0.999201 0.766426
0 0.641406 0.152778 0.148438 0.144444 0.647441 0.150735 0.999843 0.682374 0.17799 0.999799 0.705898 0.194768 0.998874 0.572205 0.101069 0.998704 0.766253
0 0.641406 0.152778 0.148438 0.144444 0.648393 0.150865 0.999897 0.682812 0.181616 0.999784 0.705767 0.199988 0.998542 0.571086 0.0999806 0.997798 0.764012
0 0.639844 0.151389 0.148438 0.141667 0.647977 0.151652 0.999891 0.681174 0.177792 0.999853 0.704028 0.192941 0.99913 0.572985 0.103813 0.998787 0.748382
0 0.639844 0.15 0.148438 0.144444 0.647515 0.153392 0.999933 0.678853 0.181994 0.999875 0.700078 0.199825 0.999124 0.571957 0.10552 0.997981 0.74802
0 0.642187 0.152778 0.146875 0.144444 0.647206 0.151715 0.999857 0.681201 0.175372 0.99987 0.70483 0.190904 0.999289 0.573214 0.105419 0.998769 0.746296
0 0.641406 0.154167 0.151562 0.147222 0.647805 0.152337 0.999786 0.682162 0.177776 0.999766 0.706531 0.193925 0.999023 0.575263 0.105219 0.994283 0.743584
0 0.640625 0.154167 0.15 0.147222 0.64856 0.152764 0.99985 0.681478 0.177846 0.999847 0.704724 0.194913 0.999172 0.575825 0.106305 0.998486 0.729878
0 0.699219 0.580556 0.126563 0.255556 0.696385 0.591255 0.999705 0.671349 0.64776 0.999588 0.655749 0.683341 0.994564 0.751339 0.471765 0.998717 0.706531
0 0.7 0.570833 0.121875 0.241667 0.698946 0.584394 0.999783 0.676215 0.645876 0.999595 0.662168 0.683224 0.992699 0.753294 0.466349 0.998845 0.694999
0 0.697656 0.601389 0.132812 0.302778 0.69323 0.600594 0.99978 0.666889 0.661654 0.999718 0.651706 0.700331 0.99635 0.753638 0.470869 0.999035 0.682947
0 0.639844 0.15 0.148438 0.138889 0.646382 0.154099 0.999925 0.677824 0.176823 0.999894 0.700782 0.188965 0.999361 0.575142 0.106857 0.998431 0.679802
0 0.702344 0.551389 0.117188 0.197222 0.699344 0.582589 0.999592 0.676317 0.637173 0.999248 0.661663 0.670638 0.989469 0.753432 0.471244 0.99849 0.601089
0 0.697656 0.601389 0.129688 0.297222 0.691906 0.602518 0.999655 0.665072 0.661807 0.999559 0.649718 0.701136 0.995642 0.752484 0.471795 0.998323 0.566756
0 0.703906 0.552778 0.117188 0.205556 0.69721 0.590689 0.999016 0.674112 0.640985 0.997793 0.660409 0.673071 0.975647 0.752708 0.473567 0.997881 0.544272
0 0.710938 0.547222 0.1 0.188889 0.706656 0.57237 0.998959 0.688935 0.619774 0.997011 0.677661 0.648855 0.965797 0.75128 0.471743 0.996501 0.409342
0 0.708594 0.548611 0.107813 0.191667 0.701503 0.57915 0.998919 0.681598 0.62474 0.997056 0.670133 0.6529 0.965344 0.753767 0.476857 0.99817 0.25839
0 0.01875 0.663889 0.0375 0.15 0.0140527 0.650268 0.739295 0.0154391 0.634103 0.536262 0 0 0.30405 0.0196697 0.713046 0.958809 0.24106
0 0.01875 0.665278 0.0375 0.152778 0.0142276 0.648665 0.756732 0.0159927 0.631722 0.534363 0 0 0.285825 0.0223423 0.708194 0.965122 0.236287
0 0.539062 0.723611 0.053125 0.269444 0.534945 0.726506 0.998571 0.536241 0.700498 0.998497 0.537875 0.689813 0.993668 0.526943 0.80366 0.990311 0.221186
0 0.01875 0.663889 0.0375 0.161111 0.0153135 0.652067 0.87376 0.0177554 0.637795 0.755038 0 0 0.48468 0.0192426 0.71806 0.96065 0.217161
0 0.0195312 0.663889 0.0390625 0.155556 0.0149675 0.651007 0.831299 0.0181375 0.637407 0.615666 0 0 0.259758 0.0211212 0.711266 0.979056 0.207506
0 0.0171875 0.6625 0.034375 0.158333 0.0128959 0.652083 0.750148 0.0143155 0.636589 0.591011 0 0 0.376122 0.0164815 0.711762 0.917739 0.189142
0 0.0195312 0.6625 0.0390625 0.158333 0.015112 0.647145 0.853738 0.0184354 0.631674 0.635748 0 0 0.268166 0.0226965 0.705594 0.985006 0.187483
0 0.542188 0.723611 0.059375 0.275 0.535939 0.726806 0.999541 0.537232 0.696353 0.999288 0.541322 0.680322 0.994734 0.528303 0.81446 0.998701 0.178645
0 0.98125 0.186111 0.0375 0.127778 0.985264 0.181601 0.859822 0.986304 0.216916 0.90007 0.982314 0.234581 0.903335 0.984443 0.123859 0.637717 0.164576
0 0.747656 0.275 0.0953125 0.133333 0.755292 0.266741 0.996749 0.76523 0.260416 0.996706 0.774841 0.262217 0.991693 0.719591 0.303599 0.997373 0.160562
0 0.696094 0.6 0.135937 0.305556 0.686089 0.626377 0.9999 0.657162 0.688509 0.999914 0.639683 0.728421 0.998782 0.749685 0.499149 0.998485 0.156049
0 0.980469 0.186111 0.0390625 0.144444 0.986645 0.185825 0.940987 0.984739 0.215304 0.971432 0.981129 0.233548 0.959807 0 0 0.48626 0.132848
0 0.980469 0.186111 0.0390625 0.144444 0.989648 0.185927 0.897196 0.987629 0.215239 0.94131 0.983415 0.234269 0.914691 0 0 0.364136 0.121461
0 0.980469 0.186111 0.0390625 0.144444 0.986476 0.185959 0.910388 0.984604 0.21529 0.961635 0.981688 0.233665 0.948972 0.988392 0.131991 0.52827 0.118024
0 0.982031 0.188889 0.0359375 0.144444 0.984764 0.186149 0.871799 0.984231 0.219249 0.89858 0.979719 0.239285 0.901855 0.985808 0.131511 0.628318 0.11496
0 0.746094 0.275 0.104687 0.133333 0.756255 0.26754 0.998094 0.769196 0.257162 0.99821 0.780537 0.251026 0.995088 0.712747 0.29914 0.997186 0.109291
0 0.748438 0.268056 0.1 0.141667 0.754448 0.267387 0.996171 0.762484 0.259597 0.9974 0.771261 0.265504 0.994564 0.720426 0.309172 0.996096 0.108603
0 0.546094 0.720833 0.0671875 0.275 0.539572 0.717191 0.999748 0.537944 0.693369 0.999506 0.541439 0.680173 0.994704 0.538627 0.796907 0.999323 0.107334
0 0.979688 0.186111 0.040625 0.144444 0.98934 0.185923 0.846892 0.987849 0.216339 0.915072 0.984153 0.234396 0.870942 0 0 0.474432 0.100129
