0 0.740625 0.273611 0.08125 0.152778 0.743298 0.28128 0.999559 0.727307 0.308794 0.999681 0.71791 0.325661 0.999079 0.767135 0.219844 0.999151 0.683259
0 0.740625 0.275 0.078125 0.15 0.743234 0.280569 0.999657 0.72717 0.308651 0.99973 0.716871 0.325655 0.999136 0.76709 0.220227 0.99894 0.675894
0 0.61875 0.231944 0.159375 0.0694444 0.634845 0.225249 0.999152 0.66959 0.229443 0.998205 0.692486 0.230145 0.986792 0.545258 0.229062 0.998674 0.675808
0 0.619531 0.231944 0.160938 0.075 0.633665 0.225292 0.999131 0.669515 0.229472 0.998511 0.693731 0.230446 0.990889 0.544814 0.229391 0.998758 0.67164
0 0.728906 0.120833 0.120312 0.0638889 0.738731 0.117739 0.999759 0.760771 0.116661 0.999782 0.778537 0.112602 0.999243 0.679596 0.120784 0.998824 0.667909
0 0.430469 0.159722 0.0984375 0.0916667 0.423623 0.154331 0.999861 0.404405 0.144971 0.99985 0.391569 0.136814 0.99932 0.472029 0.190422 0.99932 0.662266
0 0.730469 0.120833 0.123438 0.0694444 0.742597 0.120641 0.999708 0.766721 0.121545 0.99969 0.785126 0.117194 0.998612 0.677313 0.120802 0.999518 0.659746
0 0.73125 0.120833 0.121875 0.0694444 0.743204 0.121507 0.999819 0.767148 0.124037 0.999782 0.784805 0.12056 0.998922 0.679714 0.121651 0.999696 0.656401
0 0.61875 0.233333 0.159375 0.0722222 0.631555 0.225112 0.998455 0.665623 0.227565 0.997385 0.689598 0.227854 0.986821 0.544676 0.230856 0.998581 0.6379
0 0.43125 0.159722 0.1 0.0916667 0.423451 0.154925 0.999841 0.404565 0.14568 0.999831 0.391166 0.138531 0.999278 0.470918 0.18915 0.99917 0.62998
0 0.73125 0.122222 0.121875 0.0722222 0.745655 0.121002 0.999638 0.767409 0.125924 0.99952 0.783755 0.12538 0.998077 0.688445 0.118355 0.999261 0.600117
0 0.741406 0.275 0.0765625 0.155556 0.741301 0.277313 0.998966 0.727676 0.308392 0.999177 0.717503 0.327103 0.997043 0.768091 0.211361 0.997536 0.577389
0 0.619531 0.230556 0.164062 0.0722222 0.637247 0.225623 0.999088 0.670265 0.229319 0.997405 0.69266 0.230757 0.980174 0.545765 0.232156 0.998517 0.568274
0 0.430469 0.166667 0.101562 0.0833333 0.424155 0.160322 0.999394 0.404563 0.151106 0.999402 0.391605 0.143392 0.997929 0.474008 0.184328 0.998589 0.567426
0 0.741406 0.273611 0.0765625 0.152778 0.741979 0.277308 0.999089 0.727802 0.307776 0.99933 0.717611 0.326347 0.997944 0.767781 0.215072 0.998127 0.550353
0 0.429688 0.161111 0.1 0.0888889 0.424397 0.155837 0.99976 0.403818 0.144844 0.999751 0.389697 0.134802 0.998823 0.475046 0.190779 0.999304 0.549352
0 0.740625 0.273611 0.078125 0.152778 0.742458 0.278582 0.998875 0.729394 0.307527 0.999139 0.719938 0.325106 0.996956 0.767426 0.211671 0.998301 0.548754
0 0.430469 0.163889 0.101562 0.0888889 0.424915 0.156189 0.999727 0.40411 0.146187 0.999703 0.389967 0.138554 0.998749 0.474673 0.186943 0.999242 0.544904
0 0.432813 0.170833 0.1 0.0694444 0.426919 0.166148 0.995857 0.408733 0.158668 0.995885 0.399062 0.154385 0.991486 0.472411 0.18225 0.996897 0.539894
0 0.43125 0.1625 0.103125 0.0861111 0.424172 0.158388 0.999472 0.404182 0.148508 0.99953 0.39089 0.137723 0.998053 0.475546 0.187117 0.998611 0.523848
0 0.741406 0.273611 0.0796875 0.152778 0.742901 0.278718 0.998979 0.729293 0.306928 0.999339 0.719774 0.324938 0.998057 0.766539 0.214791 0.998707 0.505199
0 0.428906 0.158333 0.0953125 0.0944444 0.418835 0.151761 0.999598 0.405138 0.142848 0.999666 0.396238 0.138228 0.998887 0.453791 0.183284 0.994638 0.505118
0 0.766406 0.544444 0.0609375 0.205556 0.766889 0.568372 0.9964 0.760592 0.611979 0.983812 0.758724 0.637931 0.799752 0.780571 0.456201 0.998463 0.476363
0 0.767187 0.545833 0.0625 0.208333 0.76766 0.572467 0.998229 0.760729 0.615784 0.988908 0.761362 0.64365 0.854814 0.781675 0.460473 0.998815 0.474789
0 0.617969 0.231944 0.160938 0.0694444 0.633819 0.224721 0.999553 0.668074 0.231389 0.998416 0.689609 0.233435 0.983982 0.548126 0.227833 0.999246 0.470426
0 0.634375 0.859722 0.0375 0.147222 0.634162 0.849972 0.998579 0.629633 0.816595 0.999042 0.625125 0.794477 0.99683 0.642288 0.927106 0.995884 0.464004
0 0.619531 0.230556 0.164062 0.0722222 0.632233 0.22597 0.999443 0.666878 0.229996 0.99829 0.689213 0.231036 0.985513 0.547225 0.230147 0.999313 0.462231
0 0.741406 0.275 0.0765625 0.155556 0.740545 0.281277 0.999392 0.726355 0.309428 0.999323 0.717614 0.326389 0.997403 0.766751 0.224663 0.997975 0.453188
0 0.766406 0.545833 0.0671875 0.208333 0.765897 0.570439 0.998704 0.759013 0.616313 0.991864 0.758734 0.645252 0.859603 0.783343 0.460266 0.998932 0.441762
0 0.767187 0.544444 0.0625 0.205556 0.76788 0.569913 0.994042 0.763137 0.617262 0.974769 0.762546 0.64557 0.788298 0.78079 0.458082 0.997213 0.432977
0 0.741406 0.275 0.0765625 0.15 0.74198 0.285418 0.99961 0.727593 0.306821 0.999578 0.718397 0.320649 0.998443 0.764684 0.23927 0.998418 0.432135
0 0.735156 0.123611 0.114063 0.0694444 0.7477 0.119522 0.997871 0.766893 0.125211 0.998119 0.782637 0.129106 0.995776 0.700901 0.109011 0.995717 0.432046
0 0.432031 0.166667 0.101562 0.0833333 0.427789 0.162125 0.9972 0.40809 0.153034 0.997446 0.397146 0.14526 0.993358 0.475007 0.184189 0.997019 0.431477
0 0.732031 0.122222 0.120312 0.0666667 0.745106 0.120526 0.999606 0.767812 0.1278 0.999383 0.783326 0.129434 0.997349 0.685845 0.118115 0.999043 0.429929
0 0.767187 0.543056 0.0625 0.202778 0.765768 0.570669 0.993644 0.760595 0.615997 0.976973 0.759255 0.643899 0.787349 0.781065 0.460995 0.996611 0.420436
0 0.429688 0.156944 0.096875 0.0972222 0.419382 0.152872 0.999522 0.405926 0.141226 0.999599 0.396338 0.135727 0.998704 0.454508 0.187362 0.993502 0.406622
0 0.61875 0.231944 0.1625 0.075 0.630226 0.225897 0.998755 0.663281 0.227922 0.99695 0.685069 0.230171 0.982982 0.545306 0.232529 0.999123 0.390524
0 0.730469 0.120833 0.120312 0.0694444 0.742494 0.120052 0.999824 0.767213 0.125194 0.999733 0.783017 0.125427 0.998681 0.679931 0.122754 0.99962 0.3879
0 0.620313 0.230556 0.165625 0.0722222 0.636846 0.223142 0.999562 0.670799 0.230735 0.998544 0.691896 0.235591 0.988418 0.546639 0.226835 0.999017 0.366698
0 0.728125 0.120833 0.11875 0.0694444 0.732775 0.119125 0.999721 0.755963 0.119075 0.999595 0.773948 0.118514 0.998443 0.672972 0.12761 0.998803 0.366162
0 0.613281 0.233333 0.145313 0.0777778 0.628551 0.22633 0.998685 0.659265 0.226107 0.99774 0.681162 0.225859 0.991088 0.54708 0.235372 0.998292 0.356916
0 0.734375 0.123611 0.115625 0.0638889 0.74826 0.119256 0.997636 0.768309 0.126517 0.997555 0.784176 0.132333 0.99437 0.696413 0.116144 0.993596 0.356648
0 0.729688 0.120833 0.121875 0.0694444 0.740081 0.119415 0.999755 0.765644 0.121742 0.999614 0.783151 0.120585 0.998099 0.67545 0.124676 0.999488 0.3544
0 0.739844 0.273611 0.0828125 0.152778 0.746097 0.275282 0.999059 0.733007 0.302099 0.999389 0.724422 0.323003 0.998521 0.762761 0.211634 0.997727 0.349864
0 0.766406 0.543056 0.0640625 0.202778 0.764074 0.567374 0.995788 0.75762 0.611612 0.977804 0.756161 0.63787 0.692874 0.781181 0.457863 0.99855 0.339591
0 0.634375 0.855556 0.0375 0.15 0.634567 0.844978 0.999324 0.629537 0.813394 0.999402 0.624889 0.792825 0.99786 0.641755 0.918801 0.998776 0.334579
0 0.633594 0.838889 0.0390625 0.133333 0.635052 0.827096 0.999425 0.629545 0.80913 0.999532 0.62558 0.799749 0.998406 0.6437 0.883191 0.997904 0.307791
0 0.969531 0.0388889 0.0609375 0.0777778 0.974358 0.0237435 0.939753 0.967508 0.0360003 0.975108 0.961095 0.048376 0.963536 0 0 0.333348 0.28881
0 0.6125 0.231944 0.146875 0.0805556 0.627927 0.229721 0.997792 0.658605 0.228392 0.995673 0.679136 0.230433 0.985567 0.545381 0.238822 0.998173 0.270768
0 0.621875 0.229167 0.165625 0.0694444 0.640331 0.22743 0.999178 0.673994 0.229398 0.997985 0.696466 0.233023 0.986827 0.540942 0.233305 0.998959 0.242059
0 0.617969 0.238889 0.142188 0.0555556 0.63637 0.225376 0.997485 0.665658 0.233452 0.995085 0.690178 0.246916 0.976771 0.558374 0.235494 0.980259 0.240495
0 0.765625 0.544444 0.0625 0.205556 0.768135 0.570351 0.994734 0.762195 0.616763 0.977889 0.760067 0.644354 0.772546 0.779217 0.454085 0.998254 0.233121
0 0.969531 0.0388889 0.0609375 0.0777778 0.972691 0.0216334 0.960662 0.968607 0.0326887 0.975642 0.963087 0.043681 0.952228 0 0 0.445092 0.232755
0 0.969531 0.0402778 0.0609375 0.0805556 0.976588 0.0219075 0.872989 0.967644 0.0336041 0.961586 0.960792 0.0461307 0.954219 0 0 0.229301 0.231665
0 0.728125 0.116667 0.121875 0.0666667 0.735594 0.116286 0.999726 0.757525 0.115642 0.99973 0.774361 0.115293 0.999189 0.680256 0.117182 0.996735 0.226234
0 0.635156 0.861111 0.0390625 0.144444 0.639025 0.851402 0.997138 0.634712 0.816306 0.998341 0.630176 0.799268 0.996033 0.644905 0.934153 0.988104 0.200338
0 0.636719 0.865278 0.0390625 0.152778 0.636065 0.850887 0.988501 0.631476 0.814219 0.980755 0.627146 0.799989 0.956872 0.654465 0.922187 0.959259 0.18374
0 0.728125 0.119444 0.128125 0.0833333 0.734623 0.11303 0.998479 0.75711 0.117784 0.997466 0.776996 0.124693 0.988271 0.681154 0.125541 0.986688 0.178372
0 0.615625 0.240278 0.1625 0.0472222 0.627305 0.228058 0.997816 0.658041 0.233281 0.995221 0.684146 0.244929 0.974897 0.554927 0.239641 0.985419 0.167271
0 0.633594 0.851389 0.0390625 0.158333 0.63592 0.838923 0.996943 0.629445 0.807712 0.996369 0.622281 0.800733 0.987899 0.654855 0.905347 0.965507 0.157169
0 0.766406 0.543056 0.0640625 0.202778 0.765608 0.570828 0.993511 0.759351 0.616056 0.975186 0.757259 0.643026 0.725752 0.781242 0.458145 0.997823 0.156093
0 0.633594 0.855556 0.0421875 0.15 0.636283 0.847338 0.998896 0.63173 0.80847 0.99945 0.626842 0.784938 0.998419 0.641337 0.935925 0.99339 0.13743
0 0.429688 0.177778 0.1 0.0777778 0.42346 0.158412 0.998512 0.405557 0.148168 0.99739 0.392228 0.156199 0.987923 0.476637 0.194274 0.983347 0.120821
0 0.432031 0.168056 0.0953125 0.0805556 0.420486 0.155963 0.996837 0.404041 0.144154 0.995676 0.391232 0.147503 0.987105 0.470984 0.197063 0.979254 0.119565
0 0.784375 0.7375 0.05 0.102778 0.782131 0.73107 0.998191 0.78258 0.750705 0.999413 0.782422 0.771787 0.999116 0.780427 0.692019 0.980064 0.112778
0 0.966406 0.0416667 0.0609375 0.0833333 0.971137 0.0198906 0.720003 0.972608 0.0256443 0.804779 0.968499 0.0385675 0.846835 0.958773 0.0375953 0.602872 0.10587
0 0.632812 0.822222 0.040625 0.1 0.634972 0.825306 0.999559 0.629428 0.805182 0.99973 0.624346 0.795986 0.999186 0.64436 0.88459 0.996254 0.101906
