0 0.93125 0.0416667 0.084375 0.0833333 0.926686 0.0247656 0.996599 0.945039 0.039756 0.998808 0.957276 0.0508274 0.997352 0 0 0.26088 0.684059
0 0.538281 0.497222 0.0703125 0.222222 0.538499 0.4899 0.998958 0.542423 0.441878 0.998688 0.548174 0.409452 0.993865 0.52544 0.593613 0.998168 0.666768
0 0.538281 0.498611 0.0703125 0.219444 0.538139 0.494583 0.999101 0.542263 0.448345 0.998867 0.546938 0.415442 0.99487 0.523908 0.595596 0.998828 0.655851
0 0.932031 0.0402778 0.0828125 0.0805556 0.926379 0.0298884 0.994527 0.946361 0.0427466 0.998384 0.959836 0.053577 0.997153 0 0 0.26319 0.650821
0 0.539062 0.493056 0.06875 0.225 0.53656 0.493471 0.998969 0.541691 0.449663 0.998895 0.545104 0.423529 0.994786 0.520786 0.589982 0.995979 0.646109
0 0.539062 0.495833 0.06875 0.219444 0.536724 0.494323 0.998607 0.541088 0.449302 0.998389 0.544831 0.419094 0.992731 0.522913 0.592275 0.998172 0.644063
0 0.932031 0.0402778 0.0859375 0.0805556 0.926241 0.0312225 0.990823 0.94612 0.0415306 0.997481 0.961616 0.0502059 0.996071 0 0 0.39393 0.634627
0 0.5375 0.497222 0.06875 0.222222 0.536931 0.495949 0.999382 0.542976 0.450122 0.998908 0.550121 0.416333 0.994347 0.522215 0.597612 0.999004 0.608115
0 0.932031 0.0416667 0.0859375 0.0833333 0.927928 0.0282284 0.998374 0.945343 0.0403013 0.999304 0.957129 0.0494633 0.998415 0 0 0.44173 0.56325
0 0.538281 0.495833 0.0671875 0.219444 0.535975 0.495993 0.999065 0.541915 0.450521 0.998516 0.548023 0.419022 0.992647 0.521242 0.594687 0.998678 0.526058
0 0.538281 0.493056 0.0671875 0.225 0.536361 0.494146 0.999161 0.540127 0.445996 0.999346 0.543873 0.413737 0.997424 0.520385 0.597999 0.997097 0.470292
0 0.932031 0.0402778 0.0859375 0.0805556 0.927005 0.0305099 0.998565 0.946541 0.0409692 0.999516 0.959639 0.0509522 0.999006 0.906312 0.0277957 0.595927 0.470152
0 0.510156 0.206944 0.0640625 0.175 0.511104 0.204712 0.998855 0.499786 0.23996 0.999346 0.492217 0.262871 0.998002 0.538049 0.132088 0.975106 0.452882
0 0.539062 0.494444 0.06875 0.222222 0.536278 0.494835 0.998927 0.543132 0.449102 0.99876 0.550313 0.424057 0.995368 0.51919 0.591367 0.997478 0.451262
0 0.93125 0.0402778 0.0875 0.0805556 0.928813 0.0328965 0.882123 0.94442 0.0382088 0.97418 0.958371 0.0482031 0.980993 0 0 0.296339 0.427092
0 0.932031 0.0416667 0.0859375 0.0777778 0.927563 0.0349971 0.997473 0.945971 0.041219 0.999219 0.960153 0.0473792 0.998564 0.906896 0.032541 0.766137 0.42222
0 0.536719 0.494444 0.0671875 0.222222 0.535368 0.485922 0.998257 0.540936 0.43933 0.99857 0.545091 0.412984 0.995573 0.518856 0.58711 0.988761 0.366827
0 0.509375 0.206944 0.065625 0.175 0.511655 0.204026 0.998169 0.501021 0.239513 0.999067 0.493662 0.261445 0.997162 0.538777 0.129929 0.972215 0.336635
0 0.5375 0.491667 0.071875 0.233333 0.536274 0.478309 0.998511 0.539302 0.436803 0.998433 0.546641 0.416148 0.993311 0.528776 0.586456 0.993497 0.321049
0 0.836719 0.316667 0.0609375 0.1 0.832951 0.306699 0.994332 0.847356 0.332733 0.998852 0.856906 0.351039 0.998017 0 0 0.187551 0.306393
0 0.510156 0.208333 0.0671875 0.177778 0.510484 0.205268 0.997803 0.498531 0.242153 0.998805 0.489102 0.265981 0.996369 0.537456 0.136273 0.979227 0.273409
0 0.508594 0.209722 0.0703125 0.180556 0.51159 0.209943 0.999079 0.497219 0.249553 0.999511 0.486819 0.273034 0.998287 0.538731 0.134923 0.985778 0.269743
0 0.836719 0.316667 0.0609375 0.1 0.832736 0.307124 0.990613 0.848253 0.333581 0.997551 0.857387 0.351345 0.996408 0 0 0.121621 0.255334
0 0.93125 0.0416667 0.0875 0.0833333 0.932209 0.0382184 0.911861 0.946262 0.0405512 0.972822 0.959417 0.049155 0.980872 0.924962 0.0401829 0.642242 0.251623
0 0.509375 0.209722 0.06875 0.180556 0.510698 0.213961 0.999121 0.496356 0.25321 0.999508 0.485849 0.277483 0.998196 0.536966 0.136251 0.979501 0.232381
0 0.346875 0.233333 0.078125 0.183333 0.345699 0.23677 0.999702 0.362866 0.280202 0.999792 0.374404 0.309718 0.999205 0.313457 0.160157 0.958957 0.22979
0 0.348437 0.2375 0.071875 0.175 0.345191 0.246302 0.999005 0.360885 0.282545 0.999316 0.372871 0.306819 0.998304 0.318492 0.169383 0.982045 0.221857
0 0.510938 0.208333 0.065625 0.177778 0.509664 0.208024 0.998504 0.497464 0.245935 0.999126 0.488719 0.271141 0.996828 0.53651 0.138012 0.966582 0.21817
0 0.510156 0.208333 0.0671875 0.177778 0.511558 0.205822 0.997142 0.499318 0.241818 0.998739 0.490093 0.265084 0.996563 0.53901 0.13172 0.981105 0.215009
0 0.946875 0.327778 0.028125 0.133333 0.949834 0.330685 0.987759 0.95501 0.363176 0.988527 0.958485 0.383288 0.964814 0.940806 0.269758 0.941517 0.213792
0 0.836719 0.318056 0.0609375 0.102778 0.832195 0.31014 0.982016 0.846835 0.334037 0.9952 0.855871 0.349758 0.992837 0 0 0.0770032 0.210177
0 0.509375 0.208333 0.06875 0.177778 0.512231 0.209371 0.998316 0.498711 0.247341 0.999157 0.489274 0.270715 0.997278 0.539509 0.133 0.986263 0.203229
0 0.349219 0.238889 0.0734375 0.177778 0.343004 0.246606 0.998999 0.359607 0.282924 0.999317 0.372638 0.308044 0.998257 0.315557 0.170561 0.964102 0.201176
0 0.836719 0.316667 0.0609375 0.1 0.832198 0.308524 0.981937 0.847236 0.332282 0.997135 0.857072 0.348484 0.996087 0 0 0.0655671 0.195555
0 0.929688 0.0444444 0.08125 0.0833333 0.9307 0.0285 0.959014 0.949689 0.0338619 0.976284 0.965061 0.0453142 0.967951 0.905674 0.0368252 0.643492 0.191764
0 0.348437 0.234722 0.075 0.180556 0.343578 0.241807 0.999586 0.360491 0.28231 0.999663 0.372769 0.310254 0.998856 0.313666 0.163815 0.976485 0.186349
0 0.348437 0.234722 0.075 0.180556 0.344441 0.241005 0.999152 0.360954 0.282098 0.999342 0.373072 0.311235 0.997966 0.315459 0.164017 0.989159 0.176921
0 0.946875 0.329167 0.025 0.136111 0.949194 0.335246 0.987199 0.954468 0.365682 0.983895 0.958063 0.385735 0.945778 0.940817 0.271811 0.953836 0.164519
0 0.508594 0.208333 0.0703125 0.177778 0.511172 0.206115 0.999003 0.498135 0.244501 0.999564 0.489684 0.27044 0.998641 0.539328 0.130478 0.987187 0.164357
0 0.347656 0.233333 0.0734375 0.183333 0.344802 0.237867 0.99928 0.358425 0.279931 0.999633 0.36865 0.308031 0.998809 0.322884 0.155485 0.990496 0.150158
0 0.839844 0.318056 0.0578125 0.102778 0.831602 0.310896 0.97395 0.846537 0.331487 0.995709 0.85744 0.347103 0.995966 0 0 0.0883391 0.140539
0 0.947656 0.329167 0.0359375 0.113889 0.949288 0.327062 0.990338 0.955341 0.355793 0.988676 0.957259 0.37589 0.974436 0.941665 0.271185 0.935525 0.127089
0 0.839844 0.318056 0.0578125 0.102778 0.832087 0.309497 0.983962 0.847067 0.331549 0.998009 0.858538 0.348118 0.997836 0 0 0.099743 0.126935
0 0.347656 0.230556 0.0765625 0.183333 0.344235 0.236492 0.999587 0.36114 0.280582 0.999716 0.373069 0.309886 0.999025 0.312259 0.157644 0.983595 0.124936
0 0.347656 0.2375 0.0703125 0.180556 0.345965 0.244658 0.999215 0.359973 0.283033 0.999607 0.37088 0.307071 0.99899 0.323962 0.159366 0.983697 0.114685
0 0.345313 0.230556 0.075 0.188889 0.343303 0.233646 0.999668 0.358263 0.278961 0.99982 0.369381 0.309295 0.99927 0.316788 0.152327 0.987369 0.112351
