0 0.969531 0.144444 0.0578125 0.161111 0.97594 0.14937 0.990005 0.984691 0.182063 0.980856 0.989945 0.201797 0.925703 0.952002 0.0856448 0.990371 0.536556
0 0.969531 0.140278 0.0546875 0.152778 0.975006 0.147401 0.991702 0.982555 0.182872 0.985779 0.987979 0.205531 0.920321 0.954066 0.0795674 0.995627 0.472521
0 0.970312 0.143056 0.05625 0.158333 0.975478 0.14467 0.989187 0.983514 0.179933 0.978999 0.989123 0.200819 0.887926 0.953138 0.0792949 0.992816 0.427834
0 0.971094 0.144444 0.0578125 0.155556 0.976776 0.145553 0.980516 0.985507 0.183444 0.945763 0.991977 0.207623 0.773004 0.955846 0.078481 0.986883 0.380005
0 0.602344 0.0763889 0.0796875 0.113889 0.606265 0.0686233 0.990413 0.616291 0.074764 0.983687 0.622523 0.0787573 0.917678 0.582006 0.0784239 0.526226 0.348761
0 0.602344 0.0805556 0.0796875 0.116667 0.606787 0.0718438 0.995091 0.61763 0.074573 0.989597 0.62405 0.07749 0.942804 0.581774 0.0882014 0.572823 0.317245
0 0.653906 0.434722 0.101562 0.186111 0.64787 0.452742 0.999647 0.626365 0.491691 0.999497 0.614047 0.515196 0.995271 0.693672 0.372091 0.998123 0.316824
0 0.970312 0.145833 0.059375 0.158333 0.976032 0.149828 0.996836 0.985038 0.181825 0.995884 0.990034 0.201183 0.985349 0.953238 0.0917749 0.993224 0.307026
0 0.602344 0.0763889 0.0765625 0.119444 0.608319 0.0640164 0.993349 0.620614 0.0748161 0.983838 0.629545 0.0809197 0.879625 0.581118 0.075415 0.589375 0.306121
0 0.970312 0.140278 0.053125 0.147222 0.973307 0.149749 0.99761 0.981586 0.184949 0.996623 0.987249 0.206584 0.981639 0.954314 0.0804663 0.997113 0.295529
0 0.971094 0.143056 0.0578125 0.152778 0.974493 0.146727 0.996967 0.98329 0.181915 0.995638 0.988918 0.201733 0.978711 0.954781 0.0830383 0.994365 0.294539
0 0.971094 0.140278 0.0546875 0.152778 0.977643 0.147594 0.979665 0.985623 0.185927 0.93678 0.992253 0.210028 0.72582 0.956969 0.0757928 0.989892 0.293749
0 0.600781 0.0819444 0.0796875 0.113889 0.607357 0.0654697 0.996768 0.619898 0.0722486 0.992493 0.628092 0.0784615 0.946987 0.578963 0.0856274 0.692722 0.287621
0 0.554688 0.458333 0.06875 0.0888889 0.557666 0.455166 0.998969 0.551775 0.457614 0.99933 0.54979 0.464808 0.998472 0.57068 0.466436 0.993251 0.242696
0 0.653125 0.447222 0.096875 0.216667 0.648682 0.448786 0.999486 0.626928 0.493976 0.999189 0.614436 0.526483 0.991432 0.695997 0.36224 0.995202 0.23635
0 0.646094 0.454167 0.114063 0.219444 0.64581 0.455004 0.999861 0.616836 0.495752 0.999834 0.600001 0.524174 0.998655 0.701895 0.372551 0.999064 0.234036
0 0.603125 0.0722222 0.075 0.122222 0.610519 0.0652391 0.991315 0.623902 0.0742779 0.987154 0.635237 0.0840657 0.905792 0.582832 0.0670281 0.514153 0.232859
0 0.602344 0.0722222 0.0796875 0.122222 0.608675 0.0644775 0.983077 0.618411 0.0718891 0.976248 0.624861 0.0788747 0.869772 0.585628 0.0665784 0.540126 0.231626
0 0.971094 0.144444 0.0578125 0.161111 0.978207 0.148835 0.972918 0.987105 0.179731 0.941691 0.993203 0.201213 0.835099 0.95586 0.0872412 0.974353 0.219383
0 0.0226563 0.258333 0.0453125 0.161111 0 0 0.492646 0 0 0.281297 0 0 0.196719 0.0294137 0.224616 0.800192 0.205803
0 0.671875 0.184722 0.090625 0.075 0.673509 0.178852 0.998671 0.688567 0.182963 0.998655 0.701205 0.183952 0.995346 0.639242 0.17738 0.929336 0.199872
0 0.653906 0.431944 0.101562 0.180556 0.648908 0.451866 0.998814 0.62825 0.48817 0.998681 0.616038 0.509917 0.991216 0.693229 0.371754 0.994922 0.196497
0 0.653125 0.433333 0.1 0.183333 0.649291 0.448548 0.999406 0.628406 0.489192 0.99931 0.615374 0.513953 0.994211 0.696057 0.366408 0.995786 0.190891
0 0.663281 0.0638889 0.0953125 0.127778 0.65261 0.0325688 0.991304 0.67883 0.064224 0.9913 0.698383 0.0863103 0.961285 0 0 0.316546 0.185404
0 0.599219 0.0819444 0.0828125 0.119444 0.609033 0.0728156 0.995595 0.619078 0.0707145 0.994352 0.625567 0.0703452 0.972056 0 0 0.471813 0.185062
0 0.552344 0.459722 0.0703125 0.0861111 0.551443 0.460219 0.998633 0.549685 0.454957 0.998768 0.551408 0.449059 0.996237 0.565612 0.478348 0.995607 0.177618
0 0.664062 0.0638889 0.090625 0.127778 0.653511 0.0335491 0.996276 0.677401 0.0653952 0.994547 0.697647 0.088401 0.971383 0 0 0.418428 0.169909
0 0.773438 0.0708333 0.075 0.141667 0.774781 0.0534101 0.998859 0.791227 0.0907379 0.999261 0.803513 0.114356 0.9967 0.749182 0.00720701 0.746774 0.168561
0 0.653125 0.452778 0.1 0.222222 0.645623 0.454413 0.999755 0.621628 0.500959 0.99965 0.608316 0.533812 0.995571 0.697007 0.364941 0.998815 0.164929
0 0.653906 0.429167 0.101562 0.180556 0.649559 0.452623 0.998562 0.627241 0.488178 0.998518 0.613545 0.511367 0.99079 0.695806 0.368735 0.992338 0.162238
0 0.599219 0.075 0.0796875 0.122222 0.608198 0.0711311 0.994152 0.61715 0.073434 0.993741 0.622873 0.0740091 0.971661 0.581694 0.0780056 0.528436 0.154775
0 0.654688 0.429167 0.1 0.180556 0.650759 0.447349 0.99829 0.630826 0.487289 0.998132 0.617262 0.511652 0.986175 0.697219 0.358299 0.977129 0.145948
0 0.0203125 0.268056 0.040625 0.152778 0 0 0.343837 0 0 0.190634 0 0 0.15951 0.0290797 0.231484 0.767194 0.139465
0 0.548437 0.455556 0.059375 0.0777778 0.549146 0.445175 0.99945 0.546393 0.445853 0.999466 0.545556 0.443277 0.998255 0.554822 0.457477 0.998438 0.137459
0 0.967969 0.144444 0.0546875 0.155556 0.975235 0.142865 0.972355 0.985108 0.177809 0.950505 0.989322 0.204583 0.879934 0.95466 0.083419 0.948404 0.13445
0 0.653906 0.430556 0.101562 0.177778 0.650592 0.449366 0.998671 0.630041 0.488103 0.998765 0.616314 0.511232 0.992089 0.696827 0.365247 0.993378 0.132633
0 0.0148437 0.286111 0.0296875 0.15 0 0 0.212687 0 0 0.101726 0 0 0.0916774 0.0267477 0.241347 0.70818 0.116808
0 0.775 0.0777778 0.06875 0.155556 0.779357 0.0614955 0.996393 0.792256 0.096915 0.998213 0.802507 0.12136 0.99527 0.756816 0.0103535 0.737055 0.11514
0 0.607813 0.0805556 0.08125 0.111111 0.614171 0.0550126 0.995142 0.6311 0.0638053 0.996607 0.645014 0.08563 0.988815 0.570422 0.0853397 0.671164 0.114578
0 0.663281 0.0652778 0.0890625 0.125 0.651086 0.0356389 0.9972 0.675707 0.0655908 0.997185 0.69565 0.085889 0.990054 0 0 0.21758 0.11377
0 0.550781 0.455556 0.0671875 0.0833333 0.551328 0.451701 0.999287 0.548539 0.450509 0.999324 0.547954 0.445609 0.997731 0.560479 0.467976 0.998003 0.112546
0 0.552344 0.456944 0.0703125 0.0861111 0.556031 0.451907 0.999492 0.55222 0.453589 0.999513 0.549364 0.454306 0.998343 0.563219 0.471854 0.996736 0.106385
0 0.660937 0.0638889 0.096875 0.127778 0.650213 0.032095 0.994538 0.678021 0.064098 0.996471 0.699254 0.0867885 0.989512 0 0 0.223448 0.103331
0 0.025 0.255556 0.05 0.161111 0.0106384 0.244258 0.626253 0.00812217 0.255616 0.503885 0 0 0.375939 0.0316145 0.222339 0.863972 0.102026
0 0.0234375 0.268056 0.046875 0.158333 0 0 0.386171 0 0 0.275817 0 0 0.229238 0.0309066 0.232014 0.77261 0.101292
