0 0.252344 0.745833 0.0421875 0.125 0.25417 0.748928 0.997498 0.260676 0.777466 0.997926 0.265205 0.794128 0.994543 0.241812 0.69277 0.989173 0.727604
0 0.252344 0.744444 0.0421875 0.122222 0.255597 0.748368 0.997551 0.261799 0.776406 0.998517 0.266147 0.792131 0.996539 0.24252 0.690284 0.991714 0.677262
0 0.252344 0.745833 0.0421875 0.119444 0.255982 0.748316 0.998483 0.260732 0.774881 0.999272 0.265025 0.789836 0.998261 0.242643 0.689922 0.991508 0.655959
0 0.253906 0.745833 0.0421875 0.125 0.253879 0.747887 0.998182 0.260777 0.776973 0.998753 0.26513 0.793423 0.99693 0.241472 0.692095 0.980951 0.640618
0 0.740625 0.511111 0.090625 0.144444 0.734575 0.527197 0.99763 0.717703 0.552489 0.997817 0.707563 0.567189 0.991898 0.776976 0.465406 0.993962 0.632692
0 0.740625 0.509722 0.090625 0.141667 0.735925 0.527669 0.996902 0.71835 0.55374 0.99791 0.706451 0.568332 0.99314 0.77773 0.462415 0.989569 0.63218
0 0.253125 0.744444 0.040625 0.122222 0.255222 0.748181 0.998258 0.261496 0.7779 0.999119 0.265766 0.795291 0.997881 0.242069 0.690233 0.985563 0.625243
0 0.739844 0.509722 0.0890625 0.141667 0.735366 0.528613 0.996334 0.719238 0.552912 0.997306 0.708322 0.567822 0.992093 0.775927 0.462689 0.986664 0.62492
0 0.740625 0.509722 0.0875 0.141667 0.73675 0.526652 0.99709 0.719952 0.5515 0.998517 0.707855 0.565234 0.995762 0.776249 0.459263 0.97959 0.597688
0 0.739844 0.5125 0.0890625 0.141667 0.733733 0.526871 0.998571 0.716479 0.552857 0.998446 0.706557 0.568404 0.993413 0.776409 0.467757 0.994152 0.584
0 0.740625 0.509722 0.090625 0.141667 0.73492 0.525723 0.997949 0.71706 0.552334 0.998361 0.706344 0.567771 0.993864 0.776882 0.464632 0.9907 0.583246
0 0.739844 0.509722 0.0890625 0.147222 0.736606 0.526592 0.997264 0.71848 0.552739 0.998374 0.706497 0.568673 0.994769 0.777399 0.458066 0.985389 0.553317
0 0.253125 0.744444 0.040625 0.122222 0.254656 0.747489 0.998756 0.25941 0.774377 0.999418 0.263483 0.79001 0.998429 0.243431 0.687906 0.987955 0.548248
0 0.740625 0.508333 0.0875 0.144444 0.737411 0.526346 0.997257 0.719707 0.550559 0.998507 0.707537 0.564487 0.995898 0.776262 0.453333 0.975141 0.541171
0 0.742188 0.508333 0.090625 0.15 0.736641 0.522957 0.995495 0.719815 0.546243 0.997582 0.707962 0.561145 0.995663 0.77673 0.460963 0.945483 0.381019
0 0.0234375 0.413889 0.0375 0.183333 0.0224816 0.40213 0.987867 0.0172392 0.372761 0.980332 0.0151551 0.356098 0.903097 0.0358255 0.486172 0.994366 0.318546
0 0.251563 0.743056 0.046875 0.130556 0.253909 0.747542 0.99569 0.261139 0.773373 0.993325 0.265675 0.796565 0.977458 0.244865 0.698213 0.960701 0.315288
0 0.738281 0.511111 0.0921875 0.15 0.732854 0.522777 0.994438 0.714992 0.548737 0.994664 0.705524 0.567425 0.98392 0.774946 0.466488 0.983562 0.24416
0 0.0226563 0.404167 0.0390625 0.197222 0.0218879 0.39467 0.985492 0.015649 0.357847 0.96682 0.0131627 0.34039 0.830043 0.0371729 0.498686 0.992564 0.230959
0 0.4875 0.283333 0.125 0.133333 0.499444 0.281583 0.994643 0.5151 0.264899 0.994932 0.528804 0.258711 0.989581 0.434079 0.329591 0.998783 0.182418
0 0.021875 0.390278 0.040625 0.219444 0.0172493 0.381025 0.988318 0.0111898 0.342337 0.966469 0.0107406 0.322817 0.779835 0.0373331 0.49572 0.994215 0.165644
0 0.021875 0.397222 0.040625 0.211111 0.0197597 0.384376 0.987814 0.0141881 0.35368 0.971359 0.0139497 0.336029 0.8032 0.0340331 0.480338 0.99587 0.162194
0 0.485156 0.283333 0.126563 0.133333 0.495543 0.273248 0.997642 0.514559 0.253015 0.996164 0.52884 0.237556 0.976256 0.434309 0.330393 0.999109 0.141785
0 0.486719 0.286111 0.126563 0.122222 0.496615 0.277763 0.993927 0.516862 0.25843 0.985338 0.530453 0.24739 0.923116 0.431762 0.333517 0.998689 0.122801
