0 0.742188 0.631944 0.109375 0.102778 0.741012 0.63017 0.999156 0.71692 0.622631 0.999408 0.701207 0.619694 0.998313 0.793039 0.650737 0.987459 0.54585
0 0.674219 0.956944 0.0921875 0.0583333 0.671055 0.958789 0.98029 0.685433 0.953976 0.986197 0.699887 0.947722 0.983097 0.66396 0.958799 0.955837 0.505892
0 0.741406 0.629167 0.110937 0.102778 0.738189 0.629422 0.999446 0.71388 0.62027 0.999654 0.69517 0.61218 0.998508 0.790918 0.650715 0.984486 0.478171
0 0.7375 0.629167 0.115625 0.102778 0.734242 0.630906 0.999526 0.704491 0.6201 0.999632 0.680923 0.613149 0.998372 0.791578 0.65728 0.993158 0.45672
0 0.740625 0.629167 0.109375 0.102778 0.737322 0.630325 0.999431 0.713565 0.623295 0.999519 0.696337 0.621314 0.998184 0.788019 0.655419 0.99315 0.42103
0 0.7375 0.629167 0.11875 0.108333 0.73454 0.628325 0.999648 0.704712 0.61404 0.999801 0.68257 0.604819 0.999045 0.794454 0.65202 0.991177 0.390804
0 0.738281 0.629167 0.114063 0.102778 0.73607 0.630241 0.999783 0.709412 0.625506 0.999833 0.689717 0.625444 0.999308 0.788504 0.658017 0.997416 0.38242
0 0.738281 0.629167 0.114063 0.102778 0.736264 0.62948 0.999464 0.708531 0.61953 0.999573 0.686572 0.612399 0.998046 0.791427 0.653423 0.994525 0.38216
0 0.740625 0.627778 0.115625 0.111111 0.735691 0.626818 0.999508 0.709911 0.614038 0.999741 0.692336 0.605873 0.999042 0.795609 0.64642 0.982548 0.3486
0 0.380469 0.761111 0.0640625 0.0833333 0.380928 0.75245 0.999332 0.378249 0.752983 0.99961 0.375653 0.753574 0.999081 0.396454 0.768926 0.971014 0.344115
0 0.732031 0.627778 0.126563 0.0944444 0.73091 0.630871 0.999786 0.69692 0.619029 0.999859 0.669014 0.614363 0.999417 0.788596 0.655522 0.996507 0.336165
0 0.738281 0.629167 0.114063 0.102778 0.734147 0.633406 0.999773 0.707702 0.632064 0.999872 0.687488 0.633179 0.99946 0.783104 0.657131 0.996042 0.329039
0 0.66875 0.956944 0.103125 0.0583333 0.668683 0.957662 0.987801 0.681376 0.956107 0.990033 0.694127 0.95135 0.984814 0.671204 0.961081 0.957529 0.315796
0 0.382031 0.763889 0.0609375 0.0833333 0.381965 0.75706 0.996765 0.380128 0.753564 0.998397 0.379267 0.7506 0.996857 0.394734 0.774714 0.943269 0.304912
0 0.665625 0.959722 0.109375 0.0638889 0.6624 0.956288 0.994335 0.668836 0.956324 0.990968 0.677431 0.952148 0.968892 0.676667 0.967694 0.97076 0.270859
0 0.720312 0.7125 0.08125 0.0638889 0.716442 0.70267 0.997559 0.700606 0.707933 0.998632 0.688567 0.712054 0.997624 0.738389 0.707128 0.989802 0.24819
0 0.379687 0.752778 0.065625 0.0944444 0.380354 0.750502 0.998698 0.378636 0.754787 0.999426 0.378345 0.756116 0.998687 0.391295 0.757675 0.980098 0.243935
0 0.38125 0.752778 0.0625 0.1 0.381208 0.752514 0.997985 0.380049 0.753245 0.999187 0.380827 0.752126 0.998342 0.390645 0.762041 0.957013 0.237082
0 0.379687 0.751389 0.065625 0.0972222 0.379206 0.751628 0.999355 0.377059 0.755078 0.999763 0.376457 0.756899 0.999461 0.390804 0.759032 0.944149 0.236576
0 0.8625 0.35 0.05625 0.183333 0.870182 0.370756 0.999262 0.862082 0.41152 0.999522 0.855034 0.432641 0.998003 0.874806 0.289286 0.98608 0.234969
0 0.380469 0.761111 0.0640625 0.0833333 0.381832 0.754805 0.99875 0.378905 0.755225 0.999183 0.376326 0.753629 0.99786 0.395862 0.7698 0.98391 0.232033
0 0.0164062 0.509722 0.0328125 0.108333 0 0 0.139596 0 0 0.0567438 0 0 0.0638353 0.0267823 0.478614 0.918212 0.210014
0 0.863281 0.348611 0.0546875 0.180556 0.86831 0.368195 0.99929 0.860397 0.40866 0.999518 0.853813 0.430761 0.997862 0.873335 0.292411 0.980959 0.209614
0 0.8625 0.355556 0.05625 0.188889 0.872385 0.377267 0.999298 0.864879 0.416351 0.999551 0.857973 0.43768 0.998415 0.877238 0.289367 0.990846 0.175503
0 0.8625 0.354167 0.05625 0.186111 0.873191 0.374648 0.998692 0.865402 0.410889 0.999294 0.85814 0.430124 0.997902 0.877386 0.284969 0.990586 0.167289
0 0.015625 0.509722 0.03125 0.108333 0 0 0.191253 0 0 0.0966137 0 0 0.102129 0.0264843 0.476404 0.922331 0.166649
0 0.377344 0.766667 0.0609375 0.0888889 0.376371 0.757997 0.996034 0.3763 0.756711 0.995859 0.376918 0.765884 0.987889 0.390254 0.76862 0.934817 0.161931
0 0.861719 0.348611 0.0578125 0.180556 0.870966 0.368185 0.997474 0.863429 0.406327 0.998793 0.855991 0.426813 0.996412 0.874254 0.282426 0.981289 0.121811
0 0.8625 0.348611 0.05625 0.180556 0.869604 0.366079 0.997441 0.862023 0.404044 0.998482 0.855523 0.424169 0.99514 0.874142 0.282581 0.975104 0.115989
