0 0.53125 0.325 0.09375 0.1 0.537054 0.324454 0.99917 0.556111 0.340445 0.999544 0.569349 0.349668 0.998759 0.493292 0.288433 0.995765 0.768712
0 0.53125 0.325 0.09375 0.1 0.537747 0.325916 0.999072 0.557429 0.341638 0.9991 0.571309 0.349624 0.997249 0.492659 0.29181 0.998064 0.750557
0 0.532812 0.325 0.09375 0.1 0.537798 0.326973 0.998995 0.555838 0.341684 0.998853 0.56969 0.350171 0.996555 0.494448 0.292159 0.998346 0.750266
0 0.292969 0.411111 0.114063 0.177778 0.299019 0.424837 0.999342 0.322821 0.455002 0.999308 0.339924 0.473742 0.997707 0.250195 0.347198 0.986703 0.742272
0 0.532812 0.325 0.09375 0.1 0.537017 0.327269 0.999133 0.555652 0.341273 0.999378 0.570162 0.349803 0.998459 0.493884 0.289497 0.997238 0.742239
0 0.292188 0.409722 0.1125 0.186111 0.299033 0.415486 0.999848 0.317085 0.451501 0.999867 0.330751 0.475474 0.999277 0.261216 0.345351 0.998719 0.734134
0 0.292188 0.4125 0.115625 0.175 0.300502 0.423592 0.999705 0.324904 0.456544 0.999518 0.340894 0.478429 0.997301 0.243635 0.363779 0.975734 0.730913
0 0.53125 0.326389 0.09375 0.102778 0.537021 0.330925 0.999407 0.557993 0.347991 0.99949 0.573391 0.357535 0.998196 0.494428 0.286225 0.992634 0.728273
0 0.53125 0.326389 0.09375 0.102778 0.537383 0.326097 0.999255 0.558153 0.343631 0.999172 0.573275 0.351965 0.997242 0.493038 0.287853 0.995203 0.727244
0 0.291406 0.411111 0.117188 0.177778 0.299338 0.4178 0.99965 0.323868 0.454349 0.999415 0.339929 0.477798 0.996643 0.247122 0.356676 0.995189 0.726163
0 0.291406 0.409722 0.117188 0.180556 0.299544 0.419253 0.999813 0.324193 0.454251 0.999771 0.340847 0.47646 0.998485 0.247202 0.35582 0.998666 0.725171
0 0.715625 0.223611 0.190625 0.0861111 0.730304 0.221083 0.998278 0.774152 0.230427 0.994578 0.801718 0.234093 0.95796 0.628138 0.22184 0.994071 0.722493
0 0.290625 0.411111 0.115625 0.172222 0.298079 0.418135 0.999691 0.321271 0.45184 0.999448 0.33658 0.474473 0.996529 0.247135 0.364609 0.992671 0.719035
0 0.292188 0.411111 0.115625 0.177778 0.298865 0.420668 0.999558 0.32336 0.455169 0.999402 0.340298 0.477061 0.997377 0.2481 0.350615 0.99478 0.711149
0 0.292969 0.409722 0.114063 0.180556 0.299778 0.419943 0.999324 0.321815 0.452123 0.999442 0.337773 0.472476 0.998161 0.257411 0.341025 0.990458 0.696281
0 0.289844 0.411111 0.114063 0.177778 0.296971 0.420485 0.999813 0.320535 0.451114 0.999695 0.336523 0.470776 0.99791 0.244445 0.365575 0.997441 0.691426
0 0.292188 0.411111 0.115625 0.177778 0.299393 0.417959 0.999681 0.322731 0.45292 0.999689 0.339066 0.475608 0.998544 0.25172 0.348561 0.997792 0.690599
0 0.714844 0.225 0.192188 0.0888889 0.728875 0.223147 0.998648 0.773285 0.230613 0.99603 0.801309 0.233922 0.967974 0.626812 0.219096 0.995848 0.689927
0 0.711719 0.223611 0.185937 0.0805556 0.726623 0.220838 0.998803 0.763463 0.22518 0.996987 0.786703 0.22627 0.979742 0.632572 0.231134 0.993702 0.639097
0 0.715625 0.226389 0.19375 0.0916667 0.727961 0.22461 0.998778 0.771929 0.230563 0.995499 0.800519 0.233862 0.961153 0.6263 0.21751 0.995941 0.623183
0 0.535156 0.325 0.0921875 0.1 0.538473 0.326932 0.999114 0.55632 0.341292 0.99893 0.571349 0.351114 0.997622 0.497272 0.294855 0.998526 0.592008
0 0.41875 0.641667 0.10625 0.0611111 0.422326 0.639995 0.997884 0.447634 0.642051 0.998351 0.467024 0.64168 0.996057 0.368813 0.645023 0.98861 0.582869
0 0.417969 0.641667 0.107813 0.0611111 0.423374 0.641394 0.997962 0.447617 0.642794 0.997952 0.466546 0.640825 0.994631 0.369721 0.645149 0.995011 0.562514
0 0.417188 0.644444 0.109375 0.0611111 0.420637 0.637002 0.998805 0.446889 0.637489 0.99919 0.465539 0.63769 0.998369 0.368174 0.648344 0.987118 0.542386
0 0.421094 0.641667 0.104687 0.0611111 0.42387 0.643563 0.997151 0.446938 0.644443 0.997221 0.465664 0.643309 0.994041 0.373353 0.645073 0.99273 0.539448
0 0.0304688 0.131944 0.0609375 0.119444 0.0283581 0.127976 0.980094 0.0190034 0.117749 0.964839 0.0149029 0.112287 0.780413 0.0552405 0.178736 0.715123 0.539208
0 0.535156 0.323611 0.0921875 0.102778 0.538684 0.330139 0.998745 0.556669 0.343226 0.999062 0.571891 0.354856 0.99824 0.499074 0.295019 0.997299 0.538906
0 0.0304688 0.136111 0.0609375 0.111111 0.0274802 0.130973 0.99011 0.0169012 0.115574 0.974706 0.0103737 0.108705 0.826527 0.0591458 0.189499 0.697528 0.537683
0 0.0304688 0.134722 0.0609375 0.119444 0.0298719 0.131911 0.98757 0.0192594 0.118519 0.968194 0.0117812 0.109969 0.794108 0.0585487 0.181635 0.798404 0.533462
0 0.715625 0.225 0.19375 0.0888889 0.729342 0.219635 0.999513 0.772564 0.231719 0.997814 0.800359 0.238875 0.979813 0.631373 0.207698 0.997025 0.519705
0 0.53125 0.327778 0.09375 0.105556 0.535994 0.322674 0.998858 0.55653 0.341008 0.998025 0.572173 0.354087 0.993136 0.492863 0.2891 0.993165 0.513875
0 0.0296875 0.133333 0.059375 0.116667 0.0253829 0.13143 0.98419 0.0163592 0.116829 0.971701 0.0135816 0.110567 0.832087 0.0569245 0.18643 0.611046 0.491214
0 0.714844 0.223611 0.192188 0.0861111 0.728617 0.221325 0.99944 0.773438 0.232296 0.997082 0.801886 0.237927 0.970009 0.627045 0.212451 0.997602 0.4879
0 0.460156 0.2875 0.0359375 0.169444 0.457872 0.308006 0.998006 0.453777 0.347461 0.998631 0.451851 0.372433 0.995988 0.469458 0.213818 0.994854 0.474673
0 0.878125 0.4125 0.115625 0.0638889 0.86487 0.409049 0.999337 0.840889 0.424747 0.999368 0.827349 0.433902 0.997592 0.919099 0.375804 0.997924 0.461815
0 0.53125 0.327778 0.09375 0.1 0.537402 0.326263 0.999299 0.556979 0.340737 0.999155 0.571127 0.349465 0.997534 0.492541 0.296312 0.997809 0.440442
0 0.714063 0.226389 0.196875 0.0916667 0.731446 0.225196 0.999663 0.77468 0.232014 0.998703 0.80306 0.236531 0.987584 0.622194 0.217424 0.998294 0.43422
0 0.459375 0.290278 0.034375 0.180556 0.458315 0.310651 0.999095 0.455069 0.350592 0.99921 0.453484 0.376552 0.996932 0.466994 0.213059 0.997151 0.420477
0 0.41875 0.641667 0.109375 0.0611111 0.422112 0.639319 0.998179 0.447965 0.641514 0.997843 0.466336 0.64408 0.994496 0.369269 0.645266 0.990517 0.405946
0 0.458594 0.286111 0.0359375 0.172222 0.456897 0.305856 0.998699 0.452986 0.346337 0.99883 0.452022 0.373056 0.995944 0.469892 0.207747 0.996021 0.405433
0 0.417969 0.641667 0.110937 0.0611111 0.423298 0.642119 0.998406 0.44838 0.643639 0.997914 0.46651 0.643798 0.994124 0.369487 0.646471 0.996314 0.397149
0 0.078125 0.879167 0.134375 0.130556 0.0861849 0.885324 0.995755 0.11588 0.912644 0.995863 0.134887 0.927434 0.978422 0 0 0.141798 0.379201
0 0.417969 0.643056 0.110937 0.0638889 0.421964 0.633071 0.998689 0.449154 0.63476 0.998738 0.468877 0.637896 0.997065 0.367825 0.646124 0.976788 0.375605
0 0.879687 0.402778 0.11875 0.0777778 0.867822 0.404142 0.999375 0.844954 0.422127 0.999562 0.831202 0.430407 0.99821 0.928432 0.367482 0.997685 0.369232
0 0.0773437 0.873611 0.135937 0.136111 0.0787049 0.887223 0.995606 0.108769 0.909678 0.996472 0.129729 0.923772 0.975505 0 0 0.273898 0.362309
0 0.03125 0.136111 0.0625 0.122222 0.0291972 0.131952 0.991847 0.0182813 0.117421 0.977828 0.00980085 0.11137 0.819029 0.0568628 0.191663 0.825717 0.351153
0 0.421094 0.643056 0.107813 0.0638889 0.423548 0.640858 0.99693 0.447163 0.643834 0.996427 0.465359 0.645511 0.991948 0.373978 0.643175 0.993815 0.342583
0 0.714063 0.222222 0.1875 0.0944444 0.728856 0.220545 0.999019 0.771796 0.2272 0.998025 0.800737 0.229937 0.985766 0.626274 0.220898 0.997543 0.342068
0 0.0320312 0.1375 0.0609375 0.119444 0.0296685 0.13273 0.988088 0.0181252 0.117106 0.980744 0.0105261 0.104893 0.879646 0.055492 0.181039 0.687301 0.341774
0 0.457812 0.290278 0.034375 0.175 0.457822 0.308001 0.999354 0.454632 0.347222 0.999305 0.454818 0.376365 0.997582 0.467205 0.208484 0.997884 0.338451
0 0.880469 0.397222 0.114063 0.0833333 0.870564 0.400845 0.998463 0.849306 0.416415 0.999096 0.8358 0.423799 0.997388 0.926595 0.364563 0.992466 0.33815
0 0.716406 0.223611 0.192188 0.0972222 0.728107 0.221565 0.999384 0.770738 0.227096 0.998442 0.799524 0.231526 0.986877 0.627525 0.22053 0.997935 0.33521
0 0.0734375 0.872222 0.14375 0.133333 0.0773601 0.875736 0.998759 0.0988369 0.896294 0.992282 0.113808 0.908701 0.796976 0 0 0.189041 0.33513
0 0.0789063 0.876389 0.132812 0.125 0.0863233 0.888594 0.997564 0.11595 0.915173 0.994587 0.13556 0.93077 0.951167 0 0 0.138929 0.327982
0 0.715625 0.225 0.190625 0.0833333 0.730921 0.22011 0.99874 0.774989 0.229666 0.993957 0.803077 0.236339 0.954618 0.62747 0.21894 0.996485 0.327483
0 0.0945313 0.401389 0.0828125 0.119444 0.0847346 0.394605 0.99178 0.110134 0.423935 0.992551 0.128 0.443032 0.97634 0 0 0.361612 0.324154
0 0.879687 0.408333 0.11875 0.0666667 0.867552 0.406456 0.999566 0.842841 0.423783 0.99966 0.827951 0.432996 0.998567 0.927097 0.372803 0.998219 0.319508
0 0.0929687 0.404167 0.0859375 0.119444 0.0883868 0.399578 0.990879 0.111959 0.426836 0.995227 0.128779 0.444088 0.990517 0 0 0.484224 0.313307
0 0.0945313 0.402778 0.0828125 0.116667 0.0853602 0.398234 0.99526 0.110541 0.423646 0.996484 0.129382 0.440322 0.987218 0.0551934 0.355372 0.622053 0.310688
0 0.0773437 0.875 0.135937 0.133333 0.0838062 0.88204 0.997286 0.113507 0.91156 0.993922 0.132462 0.92883 0.927668 0 0 0.0890585 0.301166
0 0.0734375 0.868056 0.14375 0.130556 0.0627011 0.873667 0.995375 0.0782221 0.884778 0.960171 0 0 0.341043 0 0 0.261008 0.296769
0 0.457812 0.284722 0.0375 0.169444 0.457533 0.304062 0.998128 0.453542 0.343709 0.998599 0.452043 0.368112 0.995512 0.471288 0.21143 0.994093 0.296385
0 0.0304688 0.136111 0.0609375 0.122222 0.0288327 0.126287 0.983143 0.0179422 0.112145 0.956467 0.0112439 0.108654 0.758449 0.0564971 0.190185 0.741596 0.29562
0 0.0320312 0.133333 0.0609375 0.122222 0.0299501 0.131592 0.984779 0.0195917 0.116704 0.984193 0.0141678 0.105379 0.912006 0.0521237 0.178068 0.57885 0.290926
0 0.458594 0.305556 0.0359375 0.205556 0.45798 0.316837 0.999167 0.455296 0.35802 0.999013 0.455033 0.387532 0.995091 0.464042 0.214428 0.996304 0.278735
0 0.0945313 0.401389 0.0828125 0.119444 0.0860975 0.392613 0.994928 0.110974 0.42318 0.994891 0.12939 0.445372 0.984134 0 0 0.316378 0.261812
0 0.460156 0.288889 0.0359375 0.177778 0.458494 0.304573 0.998461 0.453897 0.343866 0.99913 0.451526 0.369119 0.997493 0.470172 0.212749 0.995301 0.261016
0 0.0953125 0.402778 0.084375 0.116667 0.0886775 0.396126 0.99212 0.11232 0.426326 0.995016 0.128565 0.446085 0.988261 0.0549004 0.350317 0.569253 0.260929
0 0.0757812 0.870833 0.139062 0.136111 0.0736065 0.884055 0.997146 0.0991098 0.904496 0.992143 0.117215 0.917096 0.861799 0 0 0.240989 0.22879
0 0.880469 0.393056 0.117188 0.0916667 0.870592 0.403113 0.998804 0.847822 0.416982 0.999345 0.833598 0.423482 0.998257 0.9304 0.360568 0.991603 0.223212
0 0.0804688 0.880556 0.126563 0.127778 0.0886501 0.890252 0.994946 0.116014 0.912794 0.997203 0.134063 0.92524 0.991025 0 0 0.404121 0.194049
0 0.0742188 0.875 0.142188 0.122222 0.0834384 0.883975 0.997992 0.107175 0.898809 0.992019 0.124664 0.909669 0.889856 0 0 0.260905 0.17052
0 0.0960938 0.402778 0.0828125 0.122222 0.0891107 0.398071 0.996505 0.112348 0.427741 0.997279 0.128535 0.447119 0.992856 0.054283 0.347299 0.526617 0.170009
0 0.0734375 0.8625 0.14375 0.130556 0.057548 0.861529 0.997143 0.0645694 0.866218 0.969111 0.0746013 0.874112 0.513614 0.0939403 0.88899 0.713584 0.167483
0 0.879687 0.395833 0.11875 0.0861111 0.869784 0.407181 0.999262 0.845516 0.423682 0.999522 0.830921 0.43229 0.998209 0.931916 0.36247 0.996762 0.166777
0 0.0945313 0.404167 0.0859375 0.119444 0.0881729 0.39622 0.995707 0.11138 0.423143 0.998284 0.128124 0.441026 0.995718 0.0549102 0.351201 0.70214 0.143203
0 0.09375 0.404167 0.0875 0.119444 0.0888258 0.399981 0.994158 0.112256 0.42411 0.997668 0.129264 0.440368 0.995191 0.050705 0.354054 0.686047 0.141876
0 0.45625 0.316667 0.0375 0.227778 0.459509 0.331324 0.999006 0.455556 0.361513 0.998946 0.45608 0.384874 0.995914 0.464317 0.23346 0.994567 0.136686
0 0.424219 0.640278 0.104687 0.0638889 0.429043 0.644035 0.991627 0.448636 0.642357 0.995149 0.464291 0.645362 0.993425 0.378028 0.64423 0.989546 0.132572
0 0.458594 0.305556 0.0359375 0.205556 0.461355 0.311158 0.999029 0.458464 0.349725 0.998684 0.46072 0.380945 0.99604 0.467077 0.2185 0.997246 0.120521
0 0.0289063 0.113889 0.0578125 0.155556 0.0192061 0.125782 0.948002 0.0155554 0.11597 0.939993 0.0195847 0.114524 0.809769 0.0481654 0.17194 0.588414 0.107349
0 0.532812 0.330556 0.09375 0.0833333 0.538122 0.323035 0.994298 0.557051 0.34151 0.99188 0.571057 0.356026 0.973284 0.498126 0.299861 0.961539 0.10725
0 0.216406 0.0263889 0.0703125 0.0527778 0.222663 0.00574762 0.793094 0.238694 0.0085814 0.794492 0.251321 0.0156893 0.772967 0.189205 0.0213622 0.760671 0.10243
0 0.425 0.641667 0.10625 0.0666667 0.428187 0.638831 0.986373 0.448039 0.641166 0.990317 0.464636 0.647112 0.987796 0.381568 0.637443 0.988627 0.101553
