0 0.344531 0.277778 0.0453125 0.2 0.348132 0.260914 0.997605 0.342621 0.215306 0.997323 0.337993 0.184442 0.988842 0.358377 0.356815 0.997712 0.763366
0 0.83125 0.733333 0.15625 0.127778 0.828549 0.732479 0.99981 0.794026 0.718185 0.999852 0.769276 0.71173 0.99909 0.90929 0.774452 0.965835 0.757753
0 0.832031 0.733333 0.154687 0.127778 0.830708 0.732775 0.999417 0.796413 0.718602 0.999526 0.770515 0.70842 0.996816 0.906229 0.775531 0.887603 0.750954
0 0.832031 0.733333 0.154687 0.127778 0.830404 0.733414 0.999303 0.79663 0.71833 0.999472 0.771221 0.70954 0.997068 0.904551 0.775151 0.864246 0.734448
0 0.345313 0.276389 0.04375 0.202778 0.347817 0.262581 0.998586 0.342 0.217654 0.998225 0.338107 0.185614 0.992496 0.358689 0.356222 0.998562 0.733671
0 0.832031 0.733333 0.154687 0.127778 0.832817 0.73214 0.999456 0.79884 0.716924 0.999658 0.774738 0.705243 0.997704 0.905731 0.76978 0.864772 0.729216
0 0.832812 0.733333 0.153125 0.127778 0.83467 0.732537 0.999174 0.800917 0.718997 0.999418 0.775612 0.70914 0.996148 0.904594 0.775904 0.795414 0.725585
0 0.83125 0.733333 0.15625 0.127778 0.829903 0.731692 0.999599 0.79465 0.715665 0.999767 0.768232 0.704111 0.998329 0.907405 0.77256 0.891565 0.720966
0 0.344531 0.277778 0.0484375 0.2 0.349158 0.265015 0.996784 0.343805 0.215149 0.997255 0.338185 0.184125 0.990721 0.358847 0.360541 0.992622 0.719698
0 0.832031 0.734722 0.151562 0.125 0.830995 0.73232 0.999574 0.796522 0.718964 0.999505 0.771942 0.712657 0.996789 0.906781 0.774431 0.941175 0.69624
0 0.832812 0.733333 0.153125 0.122222 0.831042 0.732861 0.999571 0.796492 0.719125 0.9996 0.770942 0.714082 0.99764 0.905149 0.773091 0.92419 0.691153
0 0.344531 0.275 0.0421875 0.205556 0.348399 0.262187 0.999346 0.342003 0.216545 0.99908 0.340035 0.184886 0.995439 0.359448 0.356404 0.998827 0.67159
0 0.835156 0.733333 0.148438 0.127778 0.834903 0.735521 0.998144 0.799803 0.721136 0.998683 0.77534 0.715238 0.994908 0.906603 0.774987 0.896585 0.565012
0 0.421875 0.273611 0.040625 0.191667 0.42376 0.261633 0.996757 0.418081 0.213807 0.997089 0.412208 0.184513 0.990449 0.43472 0.351546 0.994642 0.489229
0 0.344531 0.277778 0.0515625 0.2 0.348165 0.262752 0.994228 0.343829 0.207718 0.996112 0.33962 0.179425 0.992401 0.360393 0.358124 0.959047 0.4828
0 0.345313 0.276389 0.046875 0.202778 0.348295 0.259697 0.997493 0.343322 0.211247 0.99567 0.341805 0.179484 0.978716 0.359134 0.35695 0.998265 0.47891
0 0.421094 0.273611 0.0359375 0.191667 0.42431 0.255613 0.998395 0.418166 0.210168 0.998108 0.412885 0.1791 0.991012 0.435826 0.349849 0.998722 0.46647
0 0.832031 0.733333 0.154687 0.127778 0.82933 0.731948 0.999547 0.793764 0.715411 0.999727 0.767286 0.70559 0.998225 0.906723 0.771904 0.874796 0.443386
0 0.346094 0.276389 0.0484375 0.202778 0.349919 0.262684 0.996201 0.345056 0.212536 0.995545 0.342656 0.183903 0.98489 0.358359 0.359689 0.996245 0.438193
0 0.346875 0.276389 0.046875 0.202778 0.347778 0.261852 0.998644 0.343524 0.214671 0.997236 0.342968 0.179638 0.985176 0.3575 0.355934 0.998695 0.417655
0 0.421094 0.273611 0.0421875 0.191667 0.422501 0.248256 0.994021 0.416542 0.193964 0.994124 0.412067 0.164187 0.984873 0.433893 0.358017 0.995546 0.365544
0 0.419531 0.273611 0.0359375 0.191667 0.424368 0.248292 0.998049 0.418908 0.196183 0.99687 0.414888 0.163723 0.982694 0.434018 0.362629 0.99933 0.350556
0 0.420312 0.270833 0.034375 0.197222 0.42481 0.253087 0.998678 0.418726 0.211367 0.998273 0.413723 0.180224 0.991738 0.436171 0.34108 0.998909 0.315385
0 0.342969 0.277778 0.0515625 0.2 0.349958 0.260466 0.995052 0.344691 0.208996 0.995521 0.338861 0.180548 0.986505 0.362306 0.365691 0.984995 0.265011
0 0.635156 0.666667 0.0421875 0.227778 0.636299 0.656323 0.999546 0.634446 0.638199 0.999607 0.633641 0.629749 0.998563 0.647248 0.667811 0.986204 0.226267
0 0.632031 0.655556 0.0328125 0.2 0.632779 0.640226 0.999761 0.633817 0.653921 0.999769 0.635199 0.659958 0.998947 0.631522 0.614201 0.999375 0.215332
0 0.417969 0.272222 0.0328125 0.2 0.425132 0.251406 0.998935 0.419444 0.202274 0.998404 0.415678 0.167974 0.991206 0.434603 0.358294 0.999468 0.207821
0 0.41875 0.266667 0.03125 0.211111 0.425672 0.248293 0.998965 0.419569 0.208812 0.99846 0.415933 0.179033 0.992601 0.436225 0.329485 0.999103 0.201227
0 0.346875 0.277778 0.040625 0.2 0.352073 0.266915 0.996659 0.346749 0.222658 0.993132 0.339809 0.203534 0.97637 0.37191 0.368495 0.984488 0.170926
0 0.417188 0.268056 0.028125 0.208333 0.424712 0.247812 0.999198 0.41841 0.200468 0.998861 0.41537 0.167254 0.994404 0.433615 0.344053 0.999382 0.164307
0 0.346094 0.277778 0.0515625 0.205556 0.351567 0.256815 0.990404 0.346607 0.202709 0.992939 0.344725 0.177931 0.989783 0.359808 0.358151 0.980802 0.143112
0 0.63125 0.65 0.03125 0.194444 0.63363 0.633901 0.999666 0.635085 0.655706 0.999715 0.637875 0.664905 0.998828 0.628266 0.587114 0.999462 0.139466
0 0.428125 0.270833 0.03125 0.202778 0.419842 0.258225 0.994233 0.411754 0.214832 0.988549 0.405717 0.195178 0.961129 0.439429 0.357149 0.982294 0.139208
0 0.632812 0.656944 0.0375 0.208333 0.633835 0.648957 0.999739 0.632994 0.646823 0.999772 0.631708 0.645306 0.998914 0.637818 0.651582 0.997477 0.129303
0 0.98125 0.583333 0.0375 0.0833333 0 0 0.303199 0 0 0.195669 0 0 0.126113 0.976092 0.587691 0.561625 0.107257
