0 0.542969 0.440278 0.0828125 0.247222 0.542807 0.442905 0.999543 0.551852 0.395287 0.999382 0.561888 0.359788 0.996629 0.518811 0.544704 0.999522 0.78498
0 0.542188 0.441667 0.08125 0.238889 0.542254 0.443383 0.999568 0.551453 0.397168 0.999444 0.559916 0.365546 0.996917 0.518173 0.54275 0.999505 0.781629
0 0.541406 0.438889 0.0828125 0.25 0.541465 0.441044 0.99961 0.552524 0.392011 0.999276 0.564141 0.355861 0.995398 0.515206 0.546459 0.999555 0.773566
0 0.542188 0.443056 0.08125 0.241667 0.54089 0.442441 0.999564 0.552292 0.394516 0.99925 0.562679 0.362253 0.995071 0.514209 0.544835 0.999515 0.770492
0 0.542188 0.4375 0.08125 0.252778 0.544454 0.440194 0.999616 0.553272 0.386543 0.999408 0.564463 0.346672 0.996278 0.520147 0.552944 0.999499 0.767632
0 0.542969 0.438889 0.0796875 0.244444 0.543174 0.439543 0.999596 0.552957 0.391393 0.999512 0.559597 0.362773 0.997438 0.517652 0.543866 0.998812 0.754451
0 0.542188 0.434722 0.08125 0.258333 0.543551 0.436831 0.99964 0.554266 0.383993 0.999277 0.566987 0.344947 0.995123 0.517021 0.551658 0.999499 0.752429
0 0.542188 0.441667 0.08125 0.244444 0.541524 0.439741 0.999408 0.55319 0.391409 0.999108 0.562718 0.363259 0.994977 0.514136 0.545568 0.99875 0.734858
0 0.541406 0.440278 0.0828125 0.247222 0.54068 0.435972 0.998996 0.552383 0.384831 0.998195 0.567124 0.352267 0.991441 0.515328 0.553383 0.999302 0.71748
0 0.542969 0.445833 0.0828125 0.230556 0.542019 0.444145 0.999777 0.550478 0.397305 0.999745 0.559304 0.365857 0.998614 0.517619 0.547629 0.999427 0.689093
0 0.745313 0.225 0.078125 0.0777778 0.738936 0.219745 0.99824 0.750178 0.223077 0.99929 0.75825 0.224711 0.998378 0.721599 0.225837 0.829341 0.479103
0 0.744531 0.226389 0.0796875 0.075 0.73978 0.225093 0.996111 0.751895 0.228978 0.998234 0.761732 0.230229 0.996606 0.718595 0.218255 0.88584 0.457447
0 0.744531 0.225 0.0765625 0.0833333 0.738672 0.21576 0.99903 0.74605 0.218477 0.999567 0.751364 0.220595 0.998804 0.726589 0.224913 0.810818 0.446398
0 0.596094 0.206944 0.0578125 0.102778 0.597463 0.206511 0.998815 0.607724 0.229966 0.998926 0.616325 0.2443 0.997289 0.575508 0.163662 0.997391 0.442228
0 0.373437 0.130556 0.059375 0.222222 0.371525 0.156157 0.999258 0.383534 0.199801 0.999115 0.393766 0.23038 0.996493 0.347419 0.0523732 0.997089 0.430734
0 0.374219 0.130556 0.0609375 0.222222 0.371259 0.152116 0.999593 0.383705 0.197953 0.999566 0.393139 0.22949 0.99796 0.346724 0.0502147 0.996738 0.425154
0 0.375 0.133333 0.0625 0.233333 0.372292 0.15476 0.999611 0.385518 0.201283 0.999572 0.395953 0.234831 0.997958 0.346541 0.04691 0.992222 0.41157
0 0.0453125 0.383333 0.090625 0.161111 0.0390497 0.388825 0.9989 0.0643755 0.422937 0.999405 0.0841503 0.44529 0.997791 0 0 0.193709 0.405178
0 0.595312 0.204167 0.0625 0.102778 0.596619 0.206374 0.998152 0.60692 0.228372 0.9992 0.614177 0.242846 0.998481 0.573464 0.159499 0.994855 0.397547
0 0.153125 0.141667 0.109375 0.138889 0.148483 0.150379 0.999667 0.128273 0.174708 0.999621 0.118121 0.187564 0.998099 0.201701 0.0973276 0.999528 0.394827
0 0.371875 0.131944 0.0625 0.219444 0.372868 0.154256 0.99942 0.383432 0.197497 0.999405 0.392688 0.226628 0.997422 0.353566 0.0477852 0.998722 0.394379
0 0.0445312 0.681944 0.0890625 0.175 0.0328795 0.681359 0.981542 0.0353114 0.701937 0.968747 0.0426143 0.717111 0.817229 0 0 0.23377 0.393888
0 0.157031 0.134722 0.0984375 0.125 0.151841 0.146532 0.998028 0.133509 0.169209 0.99778 0.123464 0.180847 0.992532 0.201341 0.0910289 0.997158 0.391962
0 0.595312 0.204167 0.059375 0.102778 0.597476 0.207522 0.998716 0.607357 0.228483 0.999264 0.615992 0.240985 0.998562 0.575926 0.16253 0.996183 0.384482
0 0.153906 0.1375 0.104687 0.130556 0.150994 0.149586 0.999603 0.132067 0.174848 0.999705 0.120509 0.187083 0.998706 0.203764 0.0904594 0.999217 0.380221
0 0.596094 0.204167 0.0609375 0.102778 0.596374 0.208005 0.997447 0.607551 0.230191 0.997998 0.616749 0.245726 0.9959 0.571833 0.166432 0.995943 0.362966
0 0.744531 0.226389 0.0796875 0.0805556 0.741601 0.226393 0.996606 0.757276 0.230987 0.998444 0.768866 0.233948 0.997111 0.713977 0.215471 0.83798 0.350083
0 0.153125 0.140278 0.109375 0.136111 0.149874 0.15289 0.999839 0.128013 0.17841 0.999872 0.115168 0.191313 0.999357 0.206398 0.0943969 0.999735 0.342652
0 0.0453125 0.4 0.0875 0.133333 0.0443718 0.402177 0.996079 0.0674316 0.430001 0.998554 0.0818585 0.447372 0.99696 0 0 0.45619 0.327903
0 0.0453125 0.683333 0.090625 0.188889 0.0273762 0.690745 0.985093 0.0365536 0.714118 0.982652 0.049085 0.737779 0.916878 0 0 0.157396 0.319295
0 0.153906 0.141667 0.107813 0.133333 0.150773 0.153164 0.999844 0.129172 0.177457 0.999879 0.116102 0.192168 0.999449 0.205045 0.0946828 0.999738 0.315509
0 0.371875 0.129167 0.0625 0.219444 0.371302 0.147676 0.999459 0.382006 0.192958 0.999518 0.390398 0.224248 0.997647 0.353509 0.0472911 0.998474 0.312164
0 0.745313 0.226389 0.078125 0.0805556 0.740427 0.22074 0.997882 0.755517 0.225202 0.999221 0.765287 0.228839 0.998449 0.715863 0.217716 0.756633 0.309422
0 0.153906 0.1375 0.104687 0.130556 0.152356 0.15134 0.999609 0.132909 0.174431 0.999725 0.120972 0.18682 0.998944 0.20375 0.090417 0.999275 0.308877
0 0.0445312 0.675 0.0890625 0.194444 0.0306593 0.678336 0.970097 0.0365855 0.701645 0.962526 0.0461746 0.716399 0.789973 0 0 0.129398 0.288991
0 0.0257812 0.777778 0.0515625 0.1 0.010906 0.765281 0.922051 0.0220119 0.785603 0.981937 0.0329088 0.801319 0.982836 0 0 0.159964 0.261598
0 0.0453125 0.388889 0.0875 0.161111 0.041621 0.397162 0.994985 0.064804 0.426955 0.999092 0.0794928 0.445684 0.998126 0 0 0.155673 0.254978
0 0.025 0.779167 0.05 0.0972222 0.00883089 0.776031 0.809352 0.0201422 0.789998 0.950092 0.031285 0.802351 0.966184 0 0 0.192077 0.254054
0 0.153906 0.143056 0.107813 0.136111 0.150717 0.154129 0.999781 0.127083 0.178287 0.99984 0.113254 0.193296 0.999331 0.199956 0.1021 0.999411 0.243426
0 0.744531 0.225 0.0796875 0.0833333 0.740234 0.216024 0.998786 0.751116 0.219008 0.999519 0.758126 0.223746 0.998942 0.721712 0.221302 0.760421 0.240799
0 0.153125 0.143056 0.109375 0.136111 0.148686 0.152977 0.999762 0.127151 0.174257 0.999699 0.115836 0.184811 0.998376 0.200301 0.109118 0.99945 0.23841
0 0.74375 0.222222 0.078125 0.0888889 0.73526 0.216546 0.999309 0.73957 0.217804 0.999741 0.7442 0.218328 0.999169 0.724955 0.225562 0.889461 0.237677
0 0.153125 0.143056 0.109375 0.136111 0.150239 0.154455 0.999841 0.126675 0.178005 0.999869 0.112877 0.190587 0.999393 0.202096 0.102055 0.999592 0.237426
0 0.0453125 0.402778 0.0875 0.127778 0.0437292 0.400355 0.998522 0.0689191 0.427856 0.999095 0.0856761 0.446572 0.997343 0.000552862 0.353052 0.509317 0.232322
0 0.0414063 0.705556 0.0796875 0.133333 0.0309273 0.693749 0.974085 0.0317114 0.702853 0.985373 0.0383523 0.712826 0.966387 0 0 0.222334 0.229889
0 0.0265625 0.777778 0.053125 0.1 0.0104713 0.769519 0.833097 0.0223193 0.785604 0.960876 0.0337949 0.797108 0.976482 0 0 0.116617 0.226189
0 0.0257812 0.777778 0.0515625 0.1 0.00850137 0.774246 0.760035 0.0200222 0.786829 0.946642 0.0315203 0.798641 0.973152 0 0 0.157712 0.221133
0 0.370313 0.130556 0.059375 0.222222 0.369254 0.147528 0.999398 0.378099 0.191062 0.999161 0.387681 0.221123 0.996443 0.360488 0.0450113 0.999359 0.214806
0 0.0453125 0.408333 0.0875 0.122222 0.0460691 0.407427 0.998327 0.0687442 0.432049 0.998965 0.0836175 0.447697 0.997343 0.00212454 0.357812 0.806045 0.212008
0 0.0335938 0.7625 0.0671875 0.108333 0.0137288 0.742364 0.970884 0.0223928 0.755961 0.994699 0.0341591 0.776644 0.992383 0 0 0.0955067 0.21122
0 0.0421875 0.691667 0.084375 0.211111 0.0222366 0.68473 0.950972 0.0369588 0.711747 0.961509 0.0536589 0.738042 0.883029 0 0 0.0528272 0.210805
0 0.370313 0.129167 0.059375 0.219444 0.368691 0.140869 0.999416 0.377322 0.185598 0.999435 0.384839 0.216842 0.997161 0.359323 0.0427791 0.99887 0.207407
0 0.0445312 0.390278 0.0890625 0.147222 0.0419234 0.395708 0.997854 0.0679055 0.428767 0.999151 0.0842943 0.449986 0.997789 0 0 0.245543 0.196924
0 0.0429688 0.666667 0.0859375 0.216667 0.0227972 0.679888 0.972744 0.0414952 0.714894 0.98551 0.0592026 0.741344 0.950549 0 0 0.162252 0.195178
0 0.152344 0.147222 0.107813 0.133333 0.1465 0.158525 0.999525 0.125321 0.176636 0.999534 0.113577 0.187818 0.997982 0.189683 0.120565 0.998229 0.188344
0 0.0296875 0.766667 0.059375 0.116667 0.0112643 0.75773 0.89771 0.0231062 0.775448 0.980014 0.0367234 0.797576 0.980992 0 0 0.0495456 0.182221
0 0.0460938 0.404167 0.0859375 0.130556 0.0459414 0.405849 0.995419 0.0674602 0.430225 0.998037 0.0819094 0.445271 0.996317 0.00347938 0.353646 0.665989 0.172501
0 0.746094 0.226389 0.0828125 0.075 0.744663 0.229743 0.994657 0.757061 0.235415 0.996889 0.768299 0.23898 0.994334 0.719808 0.222151 0.921233 0.168154
0 0.595312 0.205556 0.059375 0.116667 0.5979 0.210895 0.998056 0.610277 0.230486 0.996577 0.619793 0.250973 0.986963 0.580031 0.169747 0.978698 0.166929
0 0.0445312 0.672222 0.0890625 0.2 0.0253145 0.683495 0.96599 0.0394364 0.710548 0.962342 0.0549837 0.73215 0.817913 0 0 0.155122 0.140918
0 0.595312 0.202778 0.059375 0.105556 0.595352 0.202593 0.999407 0.607004 0.225063 0.999719 0.616517 0.240501 0.999574 0.568581 0.162536 0.996912 0.134756
0 0.745313 0.222222 0.078125 0.0888889 0.735573 0.219836 0.99888 0.742527 0.219748 0.999663 0.748458 0.219327 0.999084 0.723164 0.228876 0.888943 0.131229
0 0.596875 0.204167 0.0625 0.102778 0.596776 0.206401 0.998525 0.609331 0.228232 0.998992 0.6193 0.242794 0.998393 0.570768 0.167123 0.995524 0.130859
0 0.371094 0.125 0.0640625 0.211111 0.37101 0.145027 0.99979 0.382839 0.190854 0.999759 0.391015 0.221534 0.998525 0.349057 0.051285 0.99618 0.119846
0 0.746094 0.226389 0.0703125 0.0694444 0.744785 0.223422 0.995026 0.761685 0.227541 0.996025 0.77597 0.238717 0.990976 0.724094 0.222647 0.858637 0.11795
0 0.940625 0.279167 0.071875 0.0916667 0.947069 0.284637 0.99795 0.961914 0.305658 0.998044 0.972601 0.318552 0.994033 0.911043 0.243592 0.985431 0.11206
0 0.0445312 0.377778 0.0859375 0.183333 0.0365626 0.390331 0.991482 0.0596784 0.425373 0.998108 0.075726 0.448745 0.994601 0 0 0.0961127 0.11068
0 0.74375 0.231944 0.078125 0.0583333 0.744519 0.226708 0.992902 0.762988 0.236542 0.993474 0.778365 0.249097 0.9852 0.723293 0.214942 0.846839 0.103253
