0 0.782812 0.534722 0.06875 0.280556 0.78066 0.547595 0.999533 0.778766 0.615093 0.999361 0.7777 0.656411 0.991831 0.78424 0.406504 0.997362 0.76751
0 0.783594 0.536111 0.0703125 0.277778 0.78177 0.5477 0.999199 0.77971 0.611697 0.999013 0.777866 0.652134 0.990901 0.783926 0.408967 0.995193 0.765679
0 0.782031 0.534722 0.0671875 0.280556 0.780038 0.545883 0.999287 0.77837 0.611881 0.99898 0.777665 0.652326 0.987059 0.782733 0.40477 0.997682 0.762055
0 0.782031 0.534722 0.0703125 0.280556 0.780421 0.548393 0.999751 0.779239 0.615474 0.999661 0.779568 0.657719 0.995551 0.784165 0.407407 0.998293 0.74637
0 0.782031 0.534722 0.0671875 0.280556 0.779565 0.547017 0.999709 0.778938 0.612482 0.99954 0.779644 0.653419 0.993839 0.781947 0.405414 0.998543 0.736387
0 0.78125 0.536111 0.06875 0.277778 0.781357 0.545724 0.998694 0.779588 0.608125 0.998264 0.778458 0.647509 0.983438 0.782375 0.407445 0.996432 0.730227
0 0.78125 0.536111 0.065625 0.277778 0.783233 0.542319 0.998731 0.782061 0.60465 0.997826 0.7811 0.642426 0.983383 0.782825 0.408022 0.993696 0.691609
0 0.782031 0.5375 0.0671875 0.280556 0.783272 0.545809 0.998576 0.780912 0.606423 0.997167 0.780303 0.645463 0.973021 0.784779 0.411242 0.994439 0.659349
0 0.516406 0.361111 0.0734375 0.105556 0.521111 0.356714 0.99823 0.533749 0.336968 0.998374 0.545931 0.320424 0.99644 0.492516 0.396234 0.997537 0.583013
0 0.780469 0.533333 0.0671875 0.283333 0.778736 0.553138 0.999622 0.779024 0.616562 0.999442 0.780432 0.659892 0.994014 0.781362 0.414929 0.995105 0.563251
0 0.517969 0.361111 0.0703125 0.105556 0.52029 0.357214 0.997214 0.532636 0.338768 0.997214 0.543411 0.324657 0.993365 0.495832 0.395818 0.996314 0.560196
0 0.971094 0.806944 0.0578125 0.180556 0.982196 0.799469 0.988296 0.982215 0.77299 0.989395 0.978388 0.759599 0.963752 0.962885 0.87675 0.956361 0.478221
0 0.970312 0.806944 0.059375 0.186111 0.982093 0.795776 0.991078 0.980689 0.776576 0.987013 0.978724 0.768384 0.930949 0.966538 0.873311 0.980348 0.469537
0 0.971094 0.806944 0.0578125 0.180556 0.982743 0.797456 0.988676 0.982148 0.775564 0.984911 0.979128 0.764984 0.932518 0.96448 0.874741 0.981011 0.46205
0 0.971094 0.806944 0.0578125 0.180556 0.982702 0.800389 0.977209 0.983865 0.769009 0.981396 0.980979 0.754469 0.960029 0.959619 0.870999 0.896177 0.459882
0 0.734375 0.0958333 0.0875 0.0527778 0.729615 0.0913326 0.999596 0.736302 0.0958325 0.999562 0.743966 0.0960803 0.998879 0.712044 0.0932474 0.999438 0.425674
0 0.517969 0.361111 0.0703125 0.1 0.521106 0.354774 0.997729 0.533409 0.335728 0.998123 0.54542 0.323093 0.996297 0.494928 0.39595 0.995767 0.41552
0 0.517187 0.361111 0.071875 0.105556 0.521445 0.356103 0.998013 0.532654 0.333304 0.99855 0.54425 0.31631 0.997217 0.493884 0.396147 0.995999 0.394105
0 0.727344 0.261111 0.0703125 0.144444 0.735925 0.258935 0.999359 0.723594 0.284541 0.999735 0.714391 0.300586 0.999285 0.753782 0.200565 0.997871 0.391964
0 0.971094 0.805556 0.0578125 0.183333 0.985203 0.801814 0.972234 0.985737 0.776271 0.958127 0.984307 0.766126 0.854237 0.958473 0.878542 0.957839 0.389257
0 0.678906 0.8375 0.0484375 0.175 0.677203 0.835784 0.999244 0.677312 0.830065 0.999335 0.676712 0.827419 0.997284 0.682766 0.872662 0.99324 0.38587
0 0.970312 0.808333 0.059375 0.183333 0.985187 0.795958 0.977449 0.984469 0.773751 0.961046 0.983878 0.765109 0.826847 0.960619 0.88011 0.969664 0.381722
0 0.970312 0.805556 0.059375 0.183333 0.984067 0.795125 0.982025 0.982977 0.777084 0.971707 0.983948 0.77211 0.852683 0.963195 0.877504 0.953726 0.376461
0 0.970312 0.806944 0.059375 0.186111 0.982106 0.793715 0.990752 0.981461 0.767818 0.989645 0.977794 0.752967 0.951304 0.964481 0.870211 0.963587 0.370672
0 0.970312 0.805556 0.059375 0.183333 0.981887 0.792233 0.989667 0.978087 0.778847 0.989351 0.9752 0.777044 0.950042 0.970395 0.861261 0.958475 0.370349
0 0.726562 0.261111 0.071875 0.144444 0.734882 0.258774 0.999133 0.722467 0.284126 0.999667 0.713962 0.301004 0.999285 0.752167 0.204239 0.997873 0.356388
0 0.517187 0.365278 0.075 0.113889 0.51853 0.356155 0.997738 0.533 0.334217 0.997975 0.545011 0.318721 0.995092 0.489372 0.402303 0.994696 0.352688
0 0.678906 0.830556 0.0453125 0.188889 0.676933 0.829854 0.999734 0.671985 0.812469 0.999723 0.669761 0.800004 0.998436 0.691041 0.891471 0.999448 0.337809
0 0.971094 0.808333 0.0578125 0.177778 0.9807 0.793448 0.990719 0.981226 0.762317 0.992873 0.977576 0.746279 0.975413 0.964639 0.872189 0.914715 0.333143
0 0.727344 0.259722 0.0734375 0.147222 0.736703 0.262636 0.999678 0.723712 0.288561 0.999837 0.713669 0.305278 0.999582 0.750943 0.20785 0.999411 0.313297
0 0.516406 0.363889 0.0734375 0.111111 0.518567 0.355457 0.998259 0.532564 0.333401 0.998437 0.546326 0.314614 0.99648 0.489834 0.397164 0.993788 0.300566
0 0.516406 0.368056 0.0765625 0.119444 0.517567 0.354918 0.997053 0.532977 0.331752 0.997145 0.546328 0.31562 0.992925 0.489191 0.399547 0.984367 0.29551
0 0.727344 0.261111 0.0734375 0.15 0.735562 0.263903 0.999578 0.723917 0.287063 0.999716 0.715208 0.300307 0.999213 0.747278 0.220822 0.998835 0.294472
0 0.727344 0.261111 0.0703125 0.15 0.735174 0.262225 0.999477 0.724299 0.288146 0.999655 0.715984 0.303005 0.998944 0.748035 0.211576 0.998251 0.283513
0 0.678906 0.831944 0.0484375 0.180556 0.67694 0.835015 0.999586 0.674366 0.821851 0.999588 0.672232 0.811919 0.997926 0.687415 0.887839 0.999016 0.278764
0 0.517969 0.366667 0.0703125 0.111111 0.518353 0.358501 0.996987 0.531797 0.336618 0.997749 0.542685 0.323212 0.994735 0.491573 0.40198 0.993312 0.276147
0 0.611719 0.227778 0.151562 0.0666667 0.631613 0.220073 0.996842 0.665693 0.224289 0.993932 0.687343 0.224508 0.970816 0.543691 0.236764 0.986723 0.271439
0 0.614844 0.222222 0.145313 0.0666667 0.633758 0.219546 0.997447 0.66425 0.221975 0.995433 0.684523 0.222244 0.980368 0.552113 0.227363 0.989532 0.26996
0 0.747656 0.102778 0.110937 0.0555556 0.742075 0.0945874 0.999778 0.746581 0.099056 0.999728 0.752616 0.0980917 0.999101 0.747232 0.10974 0.999388 0.263239
0 0.732031 0.0930556 0.0796875 0.0527778 0.729476 0.089902 0.99972 0.735108 0.0938928 0.999804 0.741494 0.093211 0.999495 0.710461 0.0897459 0.999348 0.25954
0 0.742969 0.1 0.104687 0.0555556 0.735396 0.092969 0.999904 0.743031 0.0998777 0.999887 0.750743 0.0999404 0.999567 0.717797 0.0969897 0.999715 0.25658
0 0.610937 0.225 0.153125 0.0666667 0.634213 0.218351 0.996977 0.666054 0.222053 0.994112 0.686052 0.221993 0.973664 0.549821 0.229156 0.990013 0.253048
0 0.519531 0.359722 0.0671875 0.113889 0.519702 0.357558 0.992399 0.533056 0.33767 0.991586 0.547208 0.334814 0.978884 0.499202 0.403308 0.911863 0.250974
0 0.727344 0.259722 0.0703125 0.147222 0.735778 0.26152 0.999505 0.723323 0.289344 0.999737 0.712956 0.30642 0.999165 0.752564 0.202612 0.998862 0.246761
0 0.679688 0.840278 0.046875 0.169444 0.678376 0.838166 0.997973 0.678747 0.836707 0.99802 0.679724 0.838847 0.993712 0.680613 0.867318 0.992929 0.232715
0 0.724219 0.0930556 0.0671875 0.0527778 0.728175 0.0907369 0.99881 0.738046 0.0939948 0.998825 0.747081 0.0957419 0.997799 0.70212 0.0865234 0.998317 0.232694
0 0.725 0.261111 0.078125 0.15 0.731789 0.266396 0.999647 0.721059 0.284768 0.99984 0.713478 0.297498 0.999674 0.741225 0.226247 0.99843 0.222123
0 0.525 0.359722 0.0625 0.108333 0.519183 0.355916 0.994954 0.532015 0.332499 0.997128 0.545543 0.321341 0.996235 0.492298 0.408875 0.992473 0.206884
0 0.730469 0.259722 0.0671875 0.147222 0.73599 0.260336 0.999201 0.72403 0.287929 0.99952 0.715125 0.304154 0.998704 0.754403 0.205693 0.997144 0.20659
0 0.733594 0.106944 0.0921875 0.0583333 0.734662 0.0910795 0.997487 0.749381 0.101448 0.995367 0.760301 0.113134 0.982315 0.70693 0.0986219 0.988202 0.202399
0 0.678906 0.834722 0.0484375 0.180556 0.678555 0.837642 0.998727 0.676154 0.829283 0.998589 0.676083 0.822826 0.993836 0.684927 0.883056 0.998288 0.170338
0 0.722656 0.0902778 0.0640625 0.0527778 0.727517 0.0890747 0.999291 0.735135 0.0925296 0.999527 0.742227 0.0930675 0.999003 0.702748 0.0812466 0.997929 0.168871
0 0.528906 0.358333 0.0546875 0.1 0.519254 0.361994 0.991784 0.532913 0.334916 0.997475 0.547825 0.325385 0.997804 0.491119 0.414366 0.988997 0.141666
0 0.725781 0.2625 0.0765625 0.147222 0.73346 0.267881 0.999225 0.724 0.281174 0.999497 0.717864 0.291762 0.998805 0.739037 0.245161 0.996572 0.139692
0 0.678906 0.830556 0.0484375 0.188889 0.677269 0.832382 0.999246 0.672745 0.815949 0.999087 0.671816 0.804304 0.995154 0.687933 0.891221 0.998989 0.129279
0 0.782812 0.536111 0.071875 0.277778 0.783615 0.547787 0.998905 0.781833 0.607798 0.998021 0.781348 0.646877 0.984785 0.784377 0.414603 0.991531 0.1277
0 0.810156 0.948611 0.0546875 0.0972222 0.826042 0.941524 0.998807 0.818294 0.953062 0.999603 0.809935 0.960638 0.999139 0.821011 0.923442 0.946469 0.125449
0 0.678906 0.829167 0.0484375 0.191667 0.675036 0.824617 0.999714 0.668457 0.805405 0.999613 0.667263 0.792678 0.997441 0.692269 0.881913 0.99931 0.122864
0 0.753125 0.108333 0.1 0.0611111 0.752135 0.100007 0.997439 0.755697 0.0995666 0.997584 0.761655 0.0973691 0.994981 0.763153 0.113865 0.995917 0.116505
0 0.810156 0.951389 0.0546875 0.0972222 0.824857 0.947906 0.993556 0.818214 0.957954 0.996289 0.809455 0.962209 0.99265 0.820593 0.929643 0.938487 0.114252
0 0.971875 0.811111 0.053125 0.172222 0.974162 0.804574 0.893666 0.980421 0.769928 0.874879 0.980112 0.755565 0.807118 0.958539 0.886568 0.857957 0.109126
0 0.610937 0.230556 0.15625 0.0666667 0.627953 0.225264 0.996924 0.662459 0.227242 0.993889 0.684638 0.226378 0.969986 0.537036 0.245901 0.989989 0.108623
0 0.735937 0.0958333 0.09375 0.0527778 0.735033 0.0918486 0.999924 0.741901 0.0953578 0.999936 0.74857 0.0924528 0.99977 0.716721 0.0979391 0.999645 0.105189
0 0.678906 0.829167 0.0484375 0.186111 0.67582 0.826818 0.999818 0.669942 0.804651 0.999813 0.666395 0.790769 0.998977 0.691434 0.889399 0.999016 0.100056
