0 0.770312 0.409722 0.165625 0.236111 0.760484 0.416501 0.999756 0.723981 0.459936 0.999537 0.703282 0.489073 0.993772 0.842765 0.326889 0.996122 0.832908
0 0.76875 0.405556 0.16875 0.233333 0.756336 0.411891 0.99979 0.718936 0.462429 0.999304 0.697423 0.491603 0.975714 0.850303 0.313901 0.998523 0.816497
0 0.770312 0.405556 0.16875 0.238889 0.758886 0.412737 0.999791 0.720605 0.462715 0.999486 0.697123 0.490699 0.9856 0.851347 0.314202 0.997732 0.812888
0 0.769531 0.406944 0.167187 0.236111 0.757153 0.418405 0.999837 0.719115 0.464272 0.999673 0.697063 0.491125 0.9939 0.845277 0.326057 0.998773 0.812693
0 0.771094 0.405556 0.167187 0.238889 0.762111 0.412799 0.9997 0.725044 0.458918 0.999339 0.701841 0.487211 0.986781 0.850897 0.318755 0.994662 0.805928
0 0.76875 0.405556 0.171875 0.233333 0.753838 0.41992 0.999857 0.716046 0.465725 0.99968 0.695294 0.493368 0.992363 0.846299 0.326789 0.999147 0.79253
0 0.771875 0.402778 0.1625 0.233333 0.766008 0.408917 0.999774 0.732169 0.454028 0.99951 0.710557 0.480675 0.991183 0.85107 0.311728 0.997363 0.786275
0 0.76875 0.4125 0.171875 0.230556 0.753499 0.424195 0.999825 0.716251 0.463118 0.999579 0.698212 0.488932 0.994051 0.840209 0.344988 0.998836 0.778395
0 0.772656 0.402778 0.160938 0.238889 0.768615 0.407514 0.999533 0.736294 0.448546 0.999121 0.715738 0.474003 0.988549 0.850623 0.320282 0.992388 0.7453
0 0.76875 0.411111 0.171875 0.227778 0.751138 0.425527 0.999819 0.711905 0.466738 0.999549 0.691382 0.493373 0.991548 0.846012 0.345333 0.998738 0.739449
0 0.767969 0.406944 0.173438 0.230556 0.751897 0.420085 0.999866 0.713764 0.465559 0.999466 0.694104 0.496457 0.982419 0.847262 0.329952 0.999132 0.716342
0 0.776563 0.404167 0.153125 0.241667 0.769095 0.416503 0.999523 0.736368 0.456463 0.999097 0.717119 0.483823 0.991548 0.846862 0.323955 0.991605 0.575371
0 0.879687 0.126389 0.15 0.113889 0.893031 0.123998 0.998148 0.924864 0.120527 0.997841 0.947259 0.115249 0.992749 0.816533 0.137194 0.965976 0.469514
0 0.880469 0.119444 0.148438 0.122222 0.89607 0.112866 0.99683 0.923399 0.110344 0.994108 0.940206 0.110078 0.972264 0.819928 0.134115 0.969186 0.436667
0 0.891406 0.1125 0.126563 0.130556 0.903161 0.105439 0.998167 0.923563 0.111071 0.99918 0.935184 0.124376 0.99726 0.821874 0.120378 0.940478 0.430808
0 0.885156 0.113889 0.135937 0.127778 0.900802 0.104456 0.996803 0.92459 0.107328 0.997761 0.939412 0.117726 0.993731 0.817609 0.120297 0.96994 0.420462
0 0.9625 0.0777778 0.053125 0.155556 0.963996 0.0716669 0.987184 0.966154 0.112813 0.997693 0.968184 0.142025 0.996578 0 0 0.233595 0.384649
0 0.88125 0.120833 0.146875 0.119444 0.895929 0.116524 0.997643 0.924668 0.112127 0.997216 0.944412 0.106435 0.989877 0.821341 0.13625 0.975752 0.369857
0 0.964844 0.0763889 0.0453125 0.152778 0.96537 0.0768303 0.985018 0.967715 0.111027 0.996865 0.969348 0.135659 0.996047 0 0 0.255556 0.353603
0 0.88125 0.118056 0.146875 0.119444 0.896666 0.111259 0.996727 0.92236 0.109348 0.99476 0.938639 0.108131 0.975823 0.821295 0.132487 0.962864 0.310825
0 0.88125 0.122222 0.15 0.116667 0.895661 0.115863 0.998237 0.925435 0.112543 0.996684 0.94457 0.109922 0.984808 0.817215 0.13573 0.98136 0.300202
0 0.879687 0.126389 0.153125 0.113889 0.893629 0.120725 0.998623 0.924944 0.11828 0.997321 0.947093 0.115519 0.987892 0.817491 0.137143 0.982774 0.29656
0 0.967969 0.0763889 0.0390625 0.152778 0.965888 0.0800204 0.978606 0.969122 0.111649 0.994508 0.970993 0.136523 0.993877 0 0 0.296905 0.270585
0 0.960156 0.884722 0.0765625 0.0861111 0.961047 0.877604 0.998986 0.970549 0.887297 0.999062 0.977617 0.89134 0.995886 0.937047 0.881408 0.990718 0.22734
0 0.964063 0.893056 0.071875 0.0916667 0.963699 0.880226 0.996099 0.970737 0.890155 0.992652 0.976079 0.893881 0.956736 0.947353 0.895421 0.940996 0.16615
0 0.964844 0.894444 0.0703125 0.0944444 0.962281 0.878477 0.979632 0.968587 0.884019 0.967997 0.975091 0.891946 0.854216 0.950313 0.903175 0.817919 0.158566
0 0.960938 0.891667 0.075 0.0833333 0.964419 0.884075 0.998776 0.972988 0.894208 0.997943 0.978565 0.897769 0.987866 0.942002 0.890953 0.983137 0.157863
0 0.965625 0.890278 0.06875 0.0972222 0.963011 0.878845 0.995485 0.969269 0.887299 0.995094 0.975026 0.89221 0.978566 0.945917 0.894121 0.96398 0.154745
0 0.966406 0.075 0.0515625 0.144444 0.96675 0.068172 0.965759 0.973046 0.104958 0.974639 0.974137 0.132804 0.965514 0.954538 0.016275 0.579134 0.125781
0 0.882812 0.108333 0.1375 0.116667 0.891916 0.112313 0.998818 0.913955 0.106658 0.99877 0.928184 0.10674 0.99634 0.839546 0.127874 0.990889 0.103304
