0 0.53125 0.5125 0.05 0.152778 0.530793 0.520516 0.999394 0.521262 0.55846 0.999619 0.51483 0.58003 0.998541 0.550418 0.444981 0.998189 0.673108
0 0.532031 0.506944 0.0484375 0.147222 0.531918 0.519679 0.999349 0.521707 0.554281 0.999676 0.515076 0.575226 0.998963 0.552318 0.443481 0.998169 0.618291
0 0.142969 0.929167 0.101562 0.0694444 0.146343 0.92082 0.996542 0.155568 0.925497 0.997926 0.163852 0.925876 0.99478 0.147389 0.932921 0.778753 0.600643
0 0.140625 0.929167 0.10625 0.0694444 0.1484 0.919592 0.997213 0.154998 0.925587 0.997848 0.159991 0.927845 0.9939 0.151478 0.930821 0.884155 0.578349
0 0.144531 0.930556 0.0984375 0.0722222 0.143928 0.923897 0.990325 0.152374 0.925016 0.994776 0.161098 0.925147 0.989918 0.149468 0.934632 0.81065 0.567601
0 0.530469 0.516667 0.0515625 0.161111 0.531354 0.524085 0.999664 0.520479 0.561639 0.999762 0.513472 0.583206 0.999043 0.553623 0.448765 0.998851 0.539419
0 0.138281 0.931944 0.114063 0.0694444 0.145074 0.91764 0.99797 0.151582 0.923903 0.99841 0.156552 0.927662 0.994994 0.14816 0.932236 0.895057 0.538855
0 0.529688 0.519444 0.053125 0.166667 0.529578 0.52104 0.999622 0.520604 0.560515 0.999674 0.515065 0.583896 0.998369 0.548325 0.444923 0.99861 0.532128
0 0.0429688 0.813889 0.0484375 0.183333 0.0428916 0.821243 0.999167 0.0491059 0.863052 0.998795 0.0546169 0.888203 0.993015 0.0347374 0.737144 0.995323 0.511652
0 0.04375 0.811111 0.04375 0.177778 0.0420299 0.819221 0.998408 0.0487118 0.861768 0.998018 0.0542743 0.887142 0.988003 0.0321334 0.733849 0.990145 0.489403
0 0.0453125 0.8125 0.05 0.180556 0.0411565 0.821673 0.999009 0.0485366 0.864053 0.998511 0.0546844 0.889899 0.99059 0.0311109 0.734417 0.989263 0.487942
0 0.227344 0.655556 0.0890625 0.0666667 0.23804 0.652345 0.997908 0.251641 0.647217 0.9982 0.262105 0.641252 0.995167 0.201912 0.668304 0.989729 0.456025
0 0.532031 0.5125 0.0484375 0.158333 0.530898 0.518536 0.999206 0.521813 0.555743 0.999296 0.516596 0.576528 0.997066 0.551316 0.441677 0.997516 0.423004
0 0.529688 0.527778 0.053125 0.183333 0.529658 0.525387 0.999751 0.519186 0.56437 0.999783 0.51261 0.587215 0.998896 0.551289 0.447859 0.99901 0.420471
0 0.526563 0.558333 0.059375 0.244444 0.524804 0.542437 0.999559 0.519489 0.56934 0.999529 0.518467 0.588681 0.997176 0.538724 0.482163 0.991155 0.419639
0 0.0453125 0.818056 0.053125 0.197222 0.0448237 0.823627 0.999622 0.0518429 0.867503 0.9994 0.0585681 0.898308 0.995371 0.038387 0.736481 0.980198 0.416417
0 0.526563 0.556944 0.059375 0.241667 0.52336 0.535605 0.998976 0.518462 0.561059 0.998756 0.51888 0.580276 0.99392 0.539092 0.471916 0.988647 0.414628
0 0.0429688 0.8125 0.0453125 0.180556 0.0439055 0.819422 0.999316 0.0491348 0.861779 0.999203 0.0539059 0.885999 0.995615 0.0359691 0.736262 0.996695 0.405832
0 0.527344 0.548611 0.0578125 0.225 0.527603 0.531611 0.999684 0.519291 0.569586 0.99969 0.514519 0.594788 0.998069 0.547275 0.458173 0.99768 0.395214
0 0.530469 0.513889 0.0515625 0.155556 0.530719 0.522434 0.999449 0.520527 0.557306 0.999704 0.514192 0.579737 0.999093 0.554022 0.44905 0.998354 0.394201
0 0.223438 0.655556 0.09375 0.0611111 0.237854 0.648668 0.998184 0.253918 0.644675 0.998471 0.264204 0.63974 0.995141 0.19892 0.678395 0.98212 0.394125
0 0.0429688 0.8125 0.0421875 0.180556 0.041027 0.816432 0.998223 0.0468918 0.855416 0.997601 0.0527631 0.879662 0.985019 0.0350606 0.733904 0.993703 0.391586
0 0.0460938 0.815278 0.0546875 0.191667 0.0423123 0.826705 0.998804 0.0499401 0.865114 0.997619 0.0572538 0.890462 0.98066 0.0349268 0.741919 0.961051 0.390689
0 0.528125 0.541667 0.05625 0.211111 0.52729 0.526536 0.999441 0.519496 0.566851 0.999404 0.515425 0.593529 0.996502 0.545319 0.451099 0.995908 0.384395
0 0.225 0.654167 0.09375 0.0638889 0.236785 0.65143 0.998961 0.253636 0.645604 0.999092 0.265242 0.639304 0.996906 0.193353 0.676366 0.987362 0.361862
0 0.229687 0.654167 0.084375 0.0694444 0.239724 0.652195 0.997852 0.251743 0.64743 0.998489 0.261429 0.641229 0.995994 0.204495 0.666012 0.989507 0.321645
0 0.133594 0.931944 0.120312 0.075 0.138724 0.917233 0.999161 0.147907 0.921588 0.998968 0.157797 0.92498 0.995994 0.148752 0.938316 0.977744 0.289415
0 0.224219 0.652778 0.0921875 0.0666667 0.238824 0.649269 0.99747 0.252812 0.644555 0.998321 0.263212 0.639343 0.995507 0.202013 0.676946 0.986044 0.234831
0 0.879687 0.879167 0.128125 0.219444 0.892383 0.877092 0.998923 0.867232 0.927015 0.998259 0.85021 0.959029 0.977035 0.936765 0.780051 0.993605 0.231729
0 0.827344 0.709722 0.170312 0.0805556 0.841301 0.70077 0.998687 0.875404 0.703954 0.997256 0.89971 0.703115 0.985225 0.748955 0.704765 0.999325 0.231721
0 0.04375 0.813889 0.046875 0.183333 0.0437723 0.81758 0.999654 0.0493528 0.855359 0.999539 0.0546778 0.878576 0.997387 0.0383042 0.740491 0.998643 0.229872
0 0.226562 0.652778 0.090625 0.0666667 0.238562 0.652372 0.998489 0.253356 0.646726 0.998926 0.264792 0.640002 0.996957 0.198014 0.673627 0.987948 0.229421
0 0.139062 0.931944 0.109375 0.075 0.148262 0.919666 0.996993 0.152534 0.921369 0.995328 0.156264 0.922626 0.979983 0.160639 0.939188 0.911823 0.21892
0 0.221875 0.659722 0.1 0.0583333 0.236126 0.648224 0.997142 0.250292 0.645284 0.997448 0.259966 0.640295 0.992113 0.209731 0.676321 0.971614 0.205529
0 0.140625 0.933333 0.1 0.0722222 0.142943 0.923812 0.989539 0.160919 0.923602 0.990975 0.176158 0.929481 0.978592 0.125444 0.933489 0.868153 0.189643
0 0.135937 0.933333 0.11875 0.0722222 0.14588 0.918505 0.996758 0.149622 0.920732 0.994856 0.152304 0.92328 0.977823 0.154207 0.943561 0.919044 0.182834
0 0.878906 0.880556 0.126563 0.216667 0.889853 0.877416 0.999334 0.86569 0.930447 0.997655 0.85101 0.963859 0.945271 0.93827 0.780689 0.994554 0.178379
0 0.877344 0.880556 0.132812 0.216667 0.888364 0.873265 0.999748 0.862423 0.919005 0.999704 0.845105 0.945597 0.995934 0.934344 0.785876 0.99461 0.174547
0 0.829687 0.711111 0.175 0.0888889 0.84296 0.701052 0.99937 0.877298 0.70605 0.998536 0.900558 0.70599 0.988489 0.748909 0.707092 0.999603 0.163812
0 0.879687 0.880556 0.125 0.216667 0.893804 0.872424 0.999101 0.868577 0.917485 0.998955 0.852215 0.948119 0.99113 0.937957 0.78755 0.981417 0.143493
0 0.0398437 0.8125 0.0359375 0.175 0.037686 0.814288 0.996778 0.0415821 0.850887 0.99458 0.0481987 0.874627 0.974471 0.0379681 0.734615 0.990528 0.137363
0 0.882031 0.881944 0.123438 0.219444 0.891791 0.876657 0.998822 0.87088 0.930373 0.994676 0.858193 0.963334 0.884364 0.936409 0.77318 0.994349 0.133872
0 0.828125 0.711111 0.175 0.0888889 0.844489 0.700631 0.998894 0.876904 0.704028 0.99683 0.89797 0.704419 0.970769 0.747685 0.714776 0.999609 0.123399
0 0.88125 0.880556 0.121875 0.216667 0.893152 0.868818 0.998549 0.871074 0.90846 0.997844 0.858745 0.937987 0.988673 0.930059 0.790351 0.974177 0.118653
0 0.14375 0.931944 0.103125 0.075 0.146056 0.921687 0.99257 0.15334 0.921021 0.992797 0.160918 0.921584 0.982665 0.154456 0.939387 0.870583 0.116225
0 0.879687 0.881944 0.125 0.225 0.890105 0.876609 0.999037 0.866966 0.929219 0.991808 0.855877 0.966057 0.786189 0.935888 0.783159 0.9983 0.109377
0 0.14375 0.933333 0.1 0.0777778 0.147981 0.927975 0.944263 0.152644 0.923057 0.952584 0.160883 0.923496 0.94616 0.157885 0.941159 0.900989 0.101193
