0 0.595312 0.269444 0.14375 0.194444 0.604054 0.246529 0.999964 0.632372 0.209006 0.999955 0.655285 0.183368 0.999632 0.531668 0.345497 0.998846 0.784801
0 0.596094 0.266667 0.142188 0.188889 0.603667 0.240336 0.999934 0.633517 0.203847 0.9999 0.65795 0.178626 0.999191 0.530542 0.341514 0.998645 0.76549
0 0.596875 0.263889 0.140625 0.188889 0.607462 0.243076 0.999919 0.636202 0.207273 0.999904 0.660305 0.182251 0.999328 0.535638 0.337492 0.996988 0.759769
0 0.596094 0.268056 0.142188 0.191667 0.60148 0.242998 0.999926 0.629857 0.204238 0.999886 0.651497 0.181286 0.999019 0.531626 0.350803 0.998885 0.747992
0 0.594531 0.272222 0.142188 0.194444 0.601004 0.247231 0.99992 0.627432 0.208932 0.999883 0.648213 0.185366 0.999142 0.532108 0.349355 0.999329 0.731798
0 0.597656 0.261111 0.142188 0.188889 0.609123 0.24106 0.999874 0.638255 0.20565 0.999835 0.662061 0.180753 0.998914 0.540446 0.33258 0.995344 0.718576
0 0.596875 0.2625 0.14375 0.186111 0.606622 0.237912 0.999937 0.637081 0.201743 0.999913 0.661398 0.177455 0.999325 0.536485 0.334513 0.998583 0.715365
0 0.597656 0.263889 0.142188 0.188889 0.609046 0.240037 0.999913 0.637237 0.20112 0.999901 0.659339 0.179871 0.999237 0.540565 0.336751 0.998642 0.696271
0 0.599219 0.259722 0.142188 0.180556 0.612034 0.236841 0.999771 0.639454 0.202187 0.999774 0.661619 0.181599 0.998658 0.55097 0.324209 0.996241 0.617715
0 0.828906 0.366667 0.0890625 0.216667 0.832489 0.415127 0.999718 0.84614 0.470446 0.999391 0.855893 0.509281 0.994169 0.802171 0.284136 0.989318 0.470993
0 0.599219 0.256944 0.142188 0.180556 0.611304 0.238014 0.999639 0.639454 0.205059 0.999634 0.662107 0.184003 0.997868 0.546575 0.32247 0.98708 0.463691
0 0.679688 0.0472222 0.11875 0.0888889 0.673819 0.0378303 0.998644 0.647938 0.0571446 0.998594 0.631614 0.0689217 0.992373 0.731835 0.0178581 0.981313 0.460581
0 0.682813 0.0388889 0.115625 0.0722222 0.676602 0.0314476 0.997855 0.65282 0.0486477 0.996684 0.638018 0.056322 0.9718 0.735917 0.0196084 0.984301 0.459498
0 0.915625 0.522222 0.075 0.0777778 0.914929 0.518552 0.99929 0.926616 0.524802 0.999596 0.936515 0.526254 0.999103 0.897273 0.516625 0.985729 0.453451
0 0.68125 0.0430556 0.11875 0.0805556 0.675755 0.0352059 0.997791 0.650132 0.0530212 0.99675 0.63427 0.0625649 0.975124 0.73577 0.01796 0.982919 0.426991
0 0.911719 0.525 0.0765625 0.0944444 0.905424 0.511949 0.99967 0.914592 0.527377 0.99987 0.923094 0.537203 0.999719 0.892117 0.502199 0.968941 0.420672
0 0.914844 0.522222 0.0765625 0.0777778 0.917315 0.523446 0.999151 0.929927 0.52806 0.999396 0.940252 0.527475 0.998516 0.896071 0.517218 0.991089 0.391931
0 0.805469 0.736111 0.0984375 0.177778 0.80214 0.726945 0.999762 0.788442 0.701629 0.999579 0.779202 0.68907 0.996558 0.84133 0.810816 0.996433 0.352755
0 0.685938 0.0333333 0.1125 0.0666667 0.678544 0.0295023 0.991259 0.659272 0.0422873 0.981558 0.648606 0.0482883 0.892836 0.735896 0.0214624 0.978331 0.342151
0 0.670313 0.0486111 0.1 0.0916667 0.670294 0.0379078 0.998159 0.648039 0.0567886 0.998192 0.63455 0.0702208 0.991967 0.721736 0.0206471 0.959142 0.330821
0 0.809375 0.743056 0.09375 0.163889 0.800227 0.740636 0.993 0.785629 0.715141 0.989008 0.781492 0.704195 0.955006 0.845453 0.81981 0.993489 0.32159
0 0.915625 0.527778 0.075 0.0944444 0.913735 0.518474 0.999351 0.924999 0.526778 0.999584 0.933609 0.532411 0.999054 0.898607 0.517144 0.983984 0.282501
0 0.829687 0.3625 0.0875 0.202778 0.83079 0.399054 0.999042 0.84402 0.449311 0.997536 0.852997 0.481791 0.977632 0.798894 0.280169 0.993433 0.28101
0 0.980469 0.720833 0.0390625 0.163889 0.979048 0.713454 0.941094 0.987888 0.756021 0.872375 0 0 0.498714 0 0 0.395264 0.270921
0 0.980469 0.736111 0.0390625 0.166667 0.981266 0.731296 0.869948 0.989344 0.765798 0.70523 0 0 0.338445 0.965762 0.66133 0.614322 0.25038
0 0.980469 0.727778 0.0390625 0.166667 0.978507 0.720434 0.9245 0.987002 0.759039 0.818798 0 0 0.426224 0 0 0.498267 0.246561
0 0.83125 0.363889 0.090625 0.205556 0.832602 0.391118 0.999337 0.845637 0.439563 0.997963 0.854365 0.469112 0.976157 0.800675 0.279829 0.988992 0.241572
0 0.678906 0.0472222 0.117188 0.0888889 0.673907 0.0326248 0.999328 0.650082 0.0545124 0.999126 0.63511 0.0686425 0.993255 0.731621 0.0212715 0.982058 0.240818
0 0.829687 0.365278 0.084375 0.208333 0.831961 0.385567 0.999186 0.84463 0.4331 0.997889 0.852838 0.461812 0.976008 0.801737 0.278754 0.987182 0.233998
0 0.805469 0.743056 0.0984375 0.163889 0.803901 0.733267 0.999529 0.787992 0.705105 0.999252 0.776401 0.68831 0.994975 0.847635 0.819639 0.996645 0.233925
0 0.917188 0.522222 0.075 0.0777778 0.923665 0.53531 0.998662 0.933016 0.537445 0.999031 0.941651 0.536601 0.997841 0.903111 0.524691 0.991266 0.22452
0 0.98125 0.7375 0.0375 0.163889 0.983762 0.730332 0.804213 0.990921 0.76254 0.553399 0 0 0.224388 0.972427 0.667952 0.578927 0.215353
0 0.80625 0.741667 0.1 0.172222 0.800148 0.735904 0.998652 0.784211 0.708352 0.997943 0.77469 0.689314 0.986452 0.846638 0.816197 0.996245 0.214185
0 0.677344 0.0486111 0.114063 0.0916667 0.670457 0.0366605 0.998765 0.648006 0.056821 0.998796 0.632563 0.0696045 0.994012 0.72477 0.0214688 0.953171 0.202925
0 0.804688 0.722222 0.1 0.211111 0.79909 0.724063 0.999888 0.786851 0.70762 0.99981 0.779542 0.697724 0.998354 0.839785 0.791032 0.998756 0.189652
0 0.591406 0.276389 0.129688 0.186111 0.595644 0.25595 0.999666 0.619234 0.222561 0.999375 0.637788 0.2088 0.997106 0.535361 0.350948 0.999214 0.18529
0 0.828906 0.363889 0.0859375 0.205556 0.831577 0.392103 0.997868 0.844551 0.439668 0.996104 0.852575 0.469647 0.970971 0.798805 0.27672 0.991467 0.179113
0 0.907812 0.531944 0.084375 0.108333 0.896988 0.51011 0.999028 0.904854 0.528423 0.999623 0.911672 0.543221 0.999384 0.890171 0.500768 0.931289 0.170336
0 0.807813 0.747222 0.096875 0.161111 0.803102 0.738047 0.998095 0.78822 0.714032 0.997395 0.77878 0.700435 0.987057 0.845122 0.816558 0.992398 0.149901
0 0.827344 0.365278 0.0796875 0.208333 0.832121 0.386597 0.998764 0.844062 0.433161 0.997793 0.851975 0.462737 0.981811 0.802098 0.278674 0.990708 0.147214
0 0.915625 0.529167 0.078125 0.0916667 0.920307 0.528129 0.999556 0.931808 0.532402 0.999673 0.940266 0.535135 0.999015 0.899189 0.521654 0.993421 0.145311
0 0.980469 0.729167 0.0390625 0.163889 0.98205 0.718934 0.874068 0.989506 0.756984 0.678722 0 0 0.270064 0 0 0.462695 0.142324
0 0.80625 0.740278 0.1 0.175 0.801675 0.730878 0.999711 0.784906 0.701975 0.999532 0.773761 0.68161 0.996418 0.849026 0.815317 0.998823 0.137928
0 0.980469 0.719444 0.0390625 0.166667 0.981027 0.714512 0.890417 0.989478 0.755396 0.753301 0 0 0.344966 0 0 0.336584 0.136553
0 0.682813 0.0458333 0.1125 0.0861111 0.682063 0.0334229 0.999186 0.661242 0.0526024 0.999046 0.649451 0.0697084 0.995485 0.730608 0.0272787 0.995721 0.129416
0 0.594531 0.272222 0.135937 0.188889 0.60117 0.250564 0.999805 0.625843 0.21439 0.999664 0.645114 0.203834 0.998267 0.540173 0.357297 0.998974 0.112754
0 0.678125 0.0388889 0.11875 0.0722222 0.677797 0.0353069 0.987825 0.654301 0.0438109 0.990807 0.635366 0.0545348 0.983882 0.735244 0.0232154 0.843771 0.104945
0 0.829687 0.363889 0.090625 0.205556 0.831987 0.410262 0.999086 0.846056 0.458768 0.997814 0.855988 0.489511 0.985268 0.799087 0.28163 0.996314 0.102448
