0 0.754687 0.702778 0.128125 0.172222 0.753182 0.707967 0.999888 0.726968 0.742454 0.999926 0.708929 0.761471 0.999514 0.815383 0.634555 0.99923 0.806077
0 0.754687 0.704167 0.128125 0.175 0.752532 0.707615 0.999886 0.727031 0.743131 0.999874 0.710177 0.765284 0.999036 0.813469 0.632418 0.999353 0.804298
0 0.753125 0.705556 0.13125 0.177778 0.750867 0.709097 0.999943 0.72269 0.745749 0.999952 0.703663 0.768761 0.999598 0.811476 0.634674 0.999613 0.801798
0 0.753906 0.705556 0.132812 0.177778 0.752162 0.711237 0.999907 0.723246 0.746316 0.99994 0.702129 0.766729 0.999566 0.815667 0.634453 0.999448 0.799392
0 0.753906 0.705556 0.129688 0.183333 0.75254 0.711996 0.999922 0.723849 0.746176 0.999949 0.703719 0.768203 0.999686 0.814892 0.637399 0.999434 0.797071
0 0.753125 0.706944 0.13125 0.180556 0.751512 0.71304 0.999927 0.722902 0.747832 0.999929 0.703603 0.770168 0.999432 0.809309 0.639242 0.999523 0.795548
0 0.753906 0.704167 0.132812 0.180556 0.753194 0.713195 0.999845 0.723971 0.744665 0.999901 0.702921 0.764135 0.99943 0.809967 0.640635 0.998984 0.778832
0 0.751562 0.708333 0.13125 0.183333 0.750227 0.7154 0.999841 0.721689 0.74569 0.999878 0.703391 0.764891 0.999341 0.806015 0.647141 0.997925 0.759939
0 0.751562 0.711111 0.134375 0.188889 0.749618 0.714537 0.999841 0.720915 0.747369 0.999741 0.703414 0.768843 0.997629 0.808174 0.645032 0.998889 0.747764
0 0.655469 0.784722 0.0640625 0.241667 0.651725 0.797352 0.999843 0.64825 0.816325 0.999883 0.645468 0.824927 0.999427 0.651109 0.757441 0.99815 0.710577
0 0.655469 0.786111 0.0640625 0.244444 0.650361 0.79634 0.999751 0.646921 0.821895 0.999781 0.645225 0.832722 0.998898 0.655827 0.740522 0.9978 0.701026
0 0.654688 0.784722 0.065625 0.241667 0.652016 0.789553 0.999808 0.647875 0.810359 0.99985 0.645576 0.820252 0.999231 0.654598 0.741912 0.998667 0.697989
0 0.653906 0.784722 0.0640625 0.241667 0.651629 0.79013 0.999676 0.646952 0.81523 0.999713 0.645128 0.828152 0.998479 0.66206 0.733681 0.997645 0.695492
0 0.653125 0.784722 0.06875 0.236111 0.652508 0.779984 0.999665 0.648618 0.807895 0.999672 0.647207 0.823426 0.998381 0.657589 0.718167 0.998625 0.688926
0 0.757812 0.704167 0.121875 0.175 0.752503 0.707557 0.999752 0.726922 0.742323 0.999713 0.710384 0.763314 0.998208 0.816818 0.633919 0.998513 0.688652
0 0.655469 0.786111 0.0640625 0.238889 0.651959 0.801473 0.999907 0.648516 0.815712 0.999906 0.647111 0.824142 0.999445 0.652779 0.781097 0.996444 0.68453
0 0.657031 0.7875 0.0640625 0.241667 0.649346 0.802299 0.999895 0.645678 0.820297 0.999878 0.644727 0.830934 0.999211 0.654874 0.774689 0.997394 0.670312
0 0.652344 0.783333 0.0671875 0.238889 0.651269 0.784283 0.999355 0.647501 0.816337 0.999345 0.647085 0.837304 0.996594 0.667292 0.717497 0.996109 0.643818
0 0.258594 0.913889 0.0828125 0.172222 0.267363 0.916902 0.999135 0.253544 0.953089 0.99944 0.244191 0.974879 0.99748 0.289288 0.842061 0.993048 0.563297
0 0.646094 0.780556 0.0828125 0.233333 0.649845 0.767304 0.999131 0.642538 0.798702 0.999311 0.639976 0.821171 0.997925 0.664426 0.706016 0.996281 0.551129
0 0.260938 0.913889 0.078125 0.172222 0.268823 0.91499 0.998975 0.254664 0.947388 0.99941 0.243314 0.966634 0.997847 0.294315 0.838917 0.994686 0.52109
0 0.260156 0.915278 0.0828125 0.169444 0.266598 0.913782 0.999249 0.253012 0.951001 0.998917 0.244463 0.971323 0.991101 0.290474 0.845054 0.995734 0.4915
0 0.540625 0.243056 0.103125 0.197222 0.542727 0.227656 0.999565 0.526587 0.191689 0.999034 0.516667 0.165947 0.991479 0.579708 0.320173 0.999498 0.491097
0 0.260938 0.915278 0.078125 0.169444 0.267058 0.912592 0.998936 0.253832 0.946982 0.999014 0.243767 0.965483 0.994404 0.29329 0.839511 0.995239 0.472102
0 0.541406 0.238889 0.104687 0.2 0.541541 0.226484 0.999721 0.527849 0.191014 0.999381 0.519858 0.163568 0.99439 0.575387 0.316198 0.999521 0.471026
0 0.241406 0.745833 0.0640625 0.152778 0.240689 0.753666 0.998659 0.229449 0.780754 0.998498 0.223963 0.796687 0.994386 0.264434 0.690125 0.999083 0.454723
0 0.260156 0.913889 0.0796875 0.172222 0.26867 0.91471 0.999199 0.254636 0.948096 0.999566 0.244122 0.969257 0.998425 0.292287 0.840815 0.997524 0.448639
0 0.540625 0.2375 0.109375 0.197222 0.538773 0.226353 0.999903 0.526535 0.196609 0.999842 0.518171 0.171063 0.998635 0.569437 0.302978 0.99972 0.440928
0 0.258594 0.9125 0.0796875 0.169444 0.269425 0.910158 0.999862 0.251181 0.944089 0.999913 0.2394 0.969117 0.99966 0.296192 0.833363 0.998763 0.438169
0 0.540625 0.234722 0.109375 0.197222 0.538107 0.225364 0.999916 0.531026 0.209618 0.999877 0.527342 0.194624 0.999063 0.556916 0.272358 0.99958 0.411641
0 0.0929687 0.173611 0.0984375 0.0527778 0.101327 0.169182 0.997222 0.124541 0.176958 0.997522 0.139017 0.181068 0.993924 0.0492451 0.16906 0.974219 0.411249
0 0.0945313 0.173611 0.0953125 0.0527778 0.100399 0.171191 0.996756 0.121371 0.178485 0.997619 0.134489 0.181569 0.994657 0.0555473 0.171494 0.941261 0.393906
0 0.0929687 0.173611 0.101562 0.0527778 0.101288 0.170734 0.996577 0.123277 0.177973 0.996261 0.137604 0.180589 0.989581 0.0471695 0.169345 0.974378 0.385175
0 0.260156 0.915278 0.0796875 0.169444 0.266481 0.911753 0.998785 0.253463 0.947462 0.998824 0.243975 0.967295 0.993692 0.291574 0.843295 0.99654 0.358323
0 0.241406 0.747222 0.0671875 0.155556 0.240657 0.75295 0.999251 0.2308 0.778811 0.999304 0.225185 0.79322 0.997488 0.263575 0.694995 0.999335 0.35429
0 0.260156 0.915278 0.0796875 0.169444 0.265521 0.915134 0.997017 0.25316 0.949063 0.994882 0.245403 0.969115 0.966488 0.292427 0.842153 0.98822 0.348068
0 0.26875 0.4625 0.059375 0.108333 0.272447 0.475097 0.999824 0.262197 0.453682 0.999875 0.255716 0.439225 0.999565 0.295993 0.521013 0.998483 0.34484
0 0.540625 0.238889 0.10625 0.194444 0.540304 0.226986 0.999876 0.524474 0.192957 0.999783 0.51288 0.166305 0.998051 0.578282 0.315732 0.999668 0.344549
0 0.269531 0.466667 0.0609375 0.116667 0.272724 0.478043 0.999889 0.261745 0.453264 0.999923 0.253117 0.438701 0.999695 0.29392 0.536866 0.998698 0.323344
0 0.0953125 0.175 0.096875 0.05 0.101221 0.171191 0.993027 0.122579 0.177589 0.994459 0.138365 0.181905 0.988469 0.0530448 0.169857 0.947496 0.305868
0 0.259375 0.913889 0.084375 0.172222 0.265369 0.916389 0.998205 0.252748 0.951759 0.994705 0.245661 0.971748 0.940153 0.292877 0.845421 0.993008 0.305804
0 0.242969 0.745833 0.0640625 0.152778 0.243756 0.753169 0.999197 0.232201 0.778985 0.999525 0.224863 0.795122 0.998608 0.266901 0.685852 0.999029 0.288866
0 0.540625 0.236111 0.109375 0.194444 0.539836 0.225105 0.999916 0.528284 0.202787 0.999854 0.520359 0.18537 0.99872 0.567725 0.29209 0.999513 0.286862
0 0.270312 0.458333 0.0625 0.1 0.271087 0.470525 0.999646 0.262872 0.455455 0.99979 0.257853 0.444369 0.999357 0.287306 0.505434 0.99077 0.28517
0 0.021875 0.165278 0.04375 0.0583333 0.0197725 0.160189 0.73356 0.0190657 0.160244 0.745706 0.0227235 0.162301 0.641571 0.0448098 0.167246 0.536502 0.275129
0 0.539844 0.233333 0.104687 0.194444 0.535248 0.226185 0.999793 0.532949 0.223535 0.999708 0.532529 0.220401 0.997933 0.539506 0.239156 0.996417 0.263003
0 0.274219 0.523611 0.0640625 0.213889 0.28138 0.513626 0.997326 0.272303 0.472434 0.99747 0.266794 0.450251 0.993878 0.292014 0.579167 0.995106 0.257452
0 0.964063 0.552778 0.0625 0.05 0.965499 0.551233 0.918416 0.974874 0.553933 0.916506 0.984074 0.552308 0.903906 0.946771 0.551666 0.98988 0.251704
0 0.0226563 0.163889 0.0453125 0.0611111 0.0188619 0.157761 0.652771 0.0185803 0.161934 0.70087 0.0237469 0.163898 0.591732 0.0450956 0.166329 0.669568 0.248965
0 0.541406 0.240278 0.107813 0.191667 0.542738 0.225731 0.999654 0.52878 0.195862 0.999315 0.519432 0.179599 0.995108 0.571007 0.307151 0.997779 0.248576
0 0.144531 0.809722 0.0671875 0.125 0.13738 0.804094 0.998426 0.146484 0.815277 0.999579 0.154047 0.823091 0.999089 0.134624 0.80438 0.617522 0.234661
0 0.540625 0.236111 0.109375 0.2 0.537048 0.224588 0.999904 0.528116 0.19849 0.999835 0.523996 0.177049 0.998602 0.558058 0.28778 0.9997 0.228071
0 0.270312 0.461111 0.0625 0.1 0.272805 0.474381 0.999757 0.263666 0.453651 0.999842 0.255589 0.438731 0.999472 0.29087 0.523539 0.993081 0.224866
0 0.241406 0.745833 0.0640625 0.152778 0.242324 0.75304 0.997481 0.231107 0.779825 0.998161 0.224563 0.794164 0.994407 0.264688 0.686455 0.99813 0.224645
0 0.240625 0.747222 0.06875 0.15 0.240165 0.756162 0.999561 0.22889 0.781706 0.999458 0.223566 0.795588 0.998075 0.266243 0.695834 0.999519 0.223231
0 0.540625 0.236111 0.10625 0.194444 0.537103 0.224811 0.999734 0.530315 0.212118 0.999421 0.526813 0.205558 0.995182 0.552354 0.264011 0.996664 0.198109
0 0.242188 0.744444 0.0625 0.15 0.243138 0.753711 0.997999 0.232039 0.779893 0.99841 0.225872 0.795437 0.996065 0.266813 0.683206 0.998737 0.198097
0 0.0890625 0.184722 0.103125 0.0583333 0.100253 0.172366 0.989482 0.122731 0.175828 0.990074 0.140868 0.183856 0.975719 0.0614773 0.169434 0.867297 0.197942
0 0.963281 0.552778 0.0609375 0.05 0.966093 0.549439 0.981326 0.977423 0.553157 0.982238 0.985859 0.554068 0.973865 0.946273 0.549327 0.989598 0.195875
0 0.0242187 0.165278 0.0484375 0.0583333 0.0161299 0.159754 0.534867 0.0153072 0.157347 0.512179 0 0 0.497412 0.0446109 0.169903 0.55698 0.193834
0 0.025 0.161111 0.05 0.0611111 0.0156796 0.159596 0.604198 0.0151154 0.159066 0.580549 0.0206552 0.159501 0.529481 0.0459744 0.171222 0.691734 0.190041
0 0.9625 0.559722 0.0625 0.0638889 0.968316 0.545028 0.90561 0.979379 0.550678 0.87384 0.985858 0.557555 0.799358 0.951833 0.555799 0.931834 0.179018
0 0.271875 0.490278 0.0625 0.158333 0.274265 0.483521 0.999801 0.262646 0.45091 0.999872 0.254108 0.435258 0.999507 0.292504 0.558734 0.998065 0.177512
0 0.259375 0.915278 0.08125 0.169444 0.265056 0.913433 0.998418 0.253007 0.951268 0.996782 0.245579 0.9721 0.969663 0.291696 0.841517 0.99331 0.175806
0 0.272656 0.516667 0.0640625 0.205556 0.279756 0.495776 0.999333 0.26837 0.45656 0.999427 0.260786 0.436406 0.997992 0.294349 0.57374 0.997269 0.167017
0 0.26875 0.455556 0.0625 0.0944444 0.268143 0.46313 0.999409 0.26287 0.45222 0.999719 0.259925 0.444632 0.999293 0.279062 0.486167 0.975676 0.166758
0 0.242188 0.745833 0.065625 0.152778 0.242204 0.75342 0.99896 0.232142 0.779218 0.99933 0.225559 0.793408 0.997827 0.263404 0.688059 0.999104 0.165555
0 0.142188 0.806944 0.06875 0.125 0.135486 0.798477 0.999341 0.146644 0.810126 0.999782 0.155498 0.820586 0.999498 0.126541 0.797243 0.739592 0.151172
0 0.0242187 0.173611 0.0484375 0.0694444 0 0 0.498947 0.0278281 0.158622 0.574776 0.0343412 0.160312 0.67372 0.0322067 0.170002 0.616329 0.148399
0 0.960938 0.558333 0.059375 0.0611111 0.964636 0.546247 0.989592 0.977831 0.549348 0.984392 0.987766 0.555887 0.9583 0.95216 0.563761 0.974076 0.135911
0 0.0914062 0.170833 0.101562 0.0638889 0.100727 0.172657 0.997784 0.120688 0.178039 0.998729 0.134516 0.18091 0.997081 0.0548285 0.172452 0.961677 0.12862
0 0.141406 0.802778 0.0671875 0.122222 0.135956 0.796571 0.999464 0.146221 0.804153 0.999818 0.155723 0.812937 0.999497 0.125665 0.804504 0.854634 0.116414
0 0.242969 0.748611 0.0734375 0.158333 0.243041 0.756001 0.999177 0.232394 0.783371 0.998989 0.228495 0.807288 0.996489 0.266656 0.698429 0.999421 0.109441
0 0.240625 0.745833 0.065625 0.152778 0.241482 0.755823 0.999529 0.230448 0.782704 0.999638 0.22427 0.798059 0.998827 0.26762 0.691102 0.999426 0.109281
0 0.536719 0.611111 0.0703125 0.2 0.534631 0.610093 0.99968 0.533718 0.604068 0.999736 0.534686 0.601396 0.99883 0.53866 0.644104 0.994678 0.103399
0 0.988281 0.119444 0.0234375 0.155556 0 0 0.121522 0 0 0.185557 0 0 0.344277 0 0 0.388025 0.102842
