0 0.361719 0.626389 0.0453125 0.163889 0.360332 0.630758 0.999778 0.35341 0.665345 0.999874 0.34773 0.692674 0.999314 0.377243 0.553115 0.997218
0 0.442969 0.113889 0.0515625 0.188889 0.446528 0.0973308 0.999688 0.447084 0.0826587 0.999654 0.447592 0.0748172 0.9957 0.432515 0.177614 0.973204
0 0.96875 0.443056 0.0625 0.0805556 0.973372 0.442403 0.978948 0.963591 0.452701 0.991238 0.953775 0.463404 0.975465 0 0 0.467941
0 0.663281 0.656944 0.0546875 0.197222 0.664669 0.638057 0.997594 0.662717 0.594645 0.996437 0.660299 0.562262 0.971908 0.667376 0.744371 0.892751
0 0.375 0.470833 0.08125 0.0805556 0.374672 0.469019 0.998793 0.357319 0.463076 0.999289 0.343695 0.458607 0.996028 0.402061 0.491071 0.866997
0 0.252344 0.606944 0.0828125 0.119444 0.246105 0.594744 0.999129 0.242588 0.594366 0.998954 0.24083 0.595908 0.984308 0.264247 0.613537 0.546038
0 0.907812 0.193056 0.059375 0.108333 0.90682 0.192544 0.996474 0.896372 0.213143 0.998168 0.888675 0.227625 0.993436 0.929825 0.145912 0.926838
0 0.834375 0.277778 0.20625 0.111111 0.84861 0.272518 0.996431 0.868274 0.272816 0.988553 0.877378 0.265388 0.831442 0.754284 0.312746 0.970294
0 0.957812 0.148611 0.084375 0.0638889 0.964812 0.138654 0.991994 0.948601 0.138805 0.989343 0.935314 0.140844 0.915409 0 0 0.431171
0 0.439844 0.591667 0.0671875 0.1 0.441713 0.574423 0.999231 0.444488 0.578617 0.999195 0.44642 0.582573 0.991909 0.435351 0.584187 0.828552
