50.24193548387098 48.652329749103934 83.70967741935485 48.652329749103934 83.70967741935485 117.64874551971326 50.24193548387098 117.64874551971326 prawn 0
22.22015071004411 155.70601312855774 100.52172922233385 123.33631174843438 108.78544948003169 142.4475029209519 30.483870967741943 174.81720430107526 prawn 0
57.90322580645162 227.25448028673833 113.54838709677419 227.25448028673833 113.54838709677419 321.4838709677419 57.90322580645162 321.4838709677419 prawn 0
104.2741935483871 97.93548387096774 156.29032258064515 97.93548387096774 156.29032258064515 179.94265232974908 104.2741935483871 179.94265232974908 prawn 0
47.01612903225808 169.69175627240142 84.51612903225806 169.69175627240142 84.51612903225806 224.10035842293905 47.01612903225808 224.10035842293905 prawn 0
205.88709677419357 165.3548387096774 251.4516129032258 165.3548387096774 251.4516129032258 250.12186379928318 205.88709677419357 250.12186379928318 prawn 0
283.9800961381241 69.76286564007678 331.8391860616468 109.17821753015045 320.8064516129033 121.98566308243727 272.94736168938067 82.57031119236362 prawn 0
244.35354951403397 125.13966427310675 228.75047159671558 101.37931806465662 169.7195027278429 138.44037063742795 185.3225806451613 162.2007168458781 prawn 0
295.5188667204142 273.2949506709046 360.3550034551762 208.0206707602113 381.2071044766974 227.82249428285505 316.37096774193554 293.0967741935484 prawn 0
323.2258064516129 134.99641577060927 193.79032258064518 134.99641577060927 193.79032258064518 182.70250896057348 323.2258064516129 182.70250896057348 prawn 0
469.5967741935484 81.7706093189964 488.9973843957522 57.866056244349366 550.4984538217883 105.58576172009815 531.0978436195844 129.49031479474513 prawn 0
