52.36229604982452 191.88541916927477 123.48894723529426 122.80690070372293 174.33125233727225 288.25795000635236 103.2046011518025 357.33646847190425 prawn 0
201.45161290322582 267.67025089605727 285.7258064516129 267.67025089605727 285.7258064516129 336.4874551971326 201.45161290322582 336.4874551971326 prawn 0
468.38709677419354 423.9426523297491 526.5372076322423 367.46700726940367 576.0311784503118 528.5303066138858 517.8810675922633 585.0059516742314 prawn 0
534.9193548387098 309.9641577060932 632.9032258064517 309.9641577060932 632.9032258064517 368.0286738351254 534.9193548387098 368.0286738351254 prawn 0
356.5606799538612 343.1421763715273 430.64187389720917 383.8817296178177 396.5005487820577 580.0943919559679 322.4193548387097 539.3548387096773 prawn 0
520.9433268426599 168.35625175373167 556.7005149038968 202.26284778740467 514.0434376512418 344.4384932021508 478.286249590005 310.5318971684779 prawn 0
393.3870967741936 279.8566308243727 434.51612903225816 279.8566308243727 434.51612903225816 426.81003584229387 393.3870967741936 426.81003584229387 prawn 0
401.50210062666565 246.13677637362105 476.45161290322585 164.44444444444446 497.3270261268393 224.97540214391475 422.37751385027934 306.6677340730913 prawn 0
501.79759431785124 34.28025597298322 525.42219939149 63.01352159682706 481.12460507363875 178.12394662742815 457.5000000000001 149.3906810035842 prawn 0
287.9559203757377 114.40570339889797 350.5901310991693 -0.2442492255682234 399.8387096774194 84.7885304659498 337.20449895398775 199.43848309041593 prawn 0
444.19354838709677 77.70609318996414 415.16129032258067 77.70609318996414 415.16129032258067 0.0 444.19354838709677 0.0 prawn 0
383.3064516129033 2.4372759856630664 411.12903225806457 2.4372759856630664 411.12903225806457 102.07885304659496 383.3064516129033 102.07885304659496 o 0
