76.04838709677419 54.172043010752674 131.69354838709677 54.172043010752674 131.69354838709677 166.53763440860214 76.04838709677419 166.53763440860214 prawn 0
121.61290322580646 132.63082437275986 209.11290322580643 132.63082437275986 209.11290322580643 202.41577060931897 121.61290322580646 202.41577060931897 prawn 0
165.96774193548387 2.917562724014328 227.25806451612902 2.917562724014328 227.25806451612902 72.30824372759857 165.96774193548387 72.30824372759857 prawn 0
41.55765863091723 -0.6348510805098149 106.67169479469005 26.28314912232222 89.35483870967744 66.33118279569885 24.240802545904618 39.41318259286689 prawn 0
320.49498681069616 131.3570767134425 449.4578461735832 184.6700408454275 434.11290322580646 220.15770609318994 305.1500438629194 166.844741961205 prawn 0
370.00000000000006 256.8243727598566 397.68016728030665 234.02779356303517 454.6774193548387 300.19354838709677 426.9972520745321 322.9901275839182 prawn 0
444.33754421334413 298.09067987343775 473.7523319505409 277.98898656023454 504.93664933504294 321.6154133165262 475.5218615978462 341.7171066297295 prawn 0
570.0 242.23655913978493 638.5483870967743 242.23655913978493 638.5483870967743 268.65232974910396 570.0 268.65232974910396 prawn 0
559.9193548387098 27.756272401433687 629.2741935483872 27.756272401433687 629.2741935483872 59.69175627240142 559.9193548387098 59.69175627240142 prawn 0
595.0 61.66308243727598 628.4677419354839 61.66308243727598 628.4677419354839 124.35125448028674 595.0 124.35125448028674 prawn 0
295.4638742868732 255.54732790593718 223.43390101032028 314.8691150077123 254.42163962667297 350.84150036342385 326.45161290322585 291.51971326164875 prawn 0
