57.500000000000014 79.79928315412187 20.000000000000007 79.79928315412187 20.000000000000007 152.34408602150535 57.500000000000014 152.34408602150535 prawn 0
278.87096774193554 141.69892473118279 376.45161290322585 141.69892473118279 376.45161290322585 179.94265232974908 278.87096774193554 179.94265232974908 prawn 0
493.0939713523247 267.9603646931791 584.775457002282 295.6905403576732 571.9060286476753 336.3693844107636 480.224542997718 308.6392087462694 prawn 0
558.3064516129033 202.8100358422939 605.8870967741935 202.8100358422939 605.8870967741935 293.0967741935484 558.3064516129033 293.0967741935484 prawn 0
397.0161290322581 169.69175627240142 428.96809061704323 179.35601401528052 408.2633555553885 244.80139865290593 376.3113939706035 235.13714091002686 prawn 0
373.2950909382507 148.38014848131976 445.21933173143873 134.1243778629788 452.1887800294912 167.74171531796338 380.26453923630334 181.9974859363043 prawn 0
92.17741935483872 28.150537634408597 136.1290322580645 28.150537634408597 136.1290322580645 95.17562724014336 92.17741935483872 95.17562724014336 prawn 0
239.75806451612902 100.30107526881719 290.5645161290323 100.30107526881719 290.5645161290323 187.4336917562724 239.75806451612902 187.4336917562724 prawn 0
309.1129032258065 -0.8673835125448199 369.1935483870968 -0.8673835125448199 369.1935483870968 86.88028673835124 309.1129032258065 86.88028673835124 prawn 0
589.758064516129 47.8637992831541 628.0645161290323 47.8637992831541 628.0645161290323 138.5448028673835 589.758064516129 138.5448028673835 prawn 0
