485.04844148591945 71.45927213446907 517.9577875568083 89.03820854995647 482.7741391592419 152.0102619157101 449.86479308835294 134.4313255002227 prawn 0
331.0858834095792 80.04834544895859 439.7580645161291 112.91756272401433 422.6237940097758 167.07710257971522 313.95161290322585 134.2078853046595 prawn 0
290.9677419354839 224.88888888888886 403.4677419354839 224.88888888888886 403.4677419354839 284.0286738351254 290.9677419354839 284.0286738351254 prawn 0
373.1239532553276 48.34686116695182 421.5869834430905 15.92830376717816 475.31786889744035 92.72122754646291 426.85483870967744 125.13978494623656 prawn 0
96.20967741935485 167.32616487455198 148.6290322580645 167.32616487455198 148.6290322580645 255.24731182795693 96.20967741935485 255.24731182795693 prawn 0
263.026918817952 20.56350310019092 295.4222761984921 26.98443683300688 275.6451612903226 122.37992831541219 243.24980390978257 115.95899458259626 prawn 0
255.08064516129033 113.70609318996414 291.77973875704515 138.25535615689392 236.12903225806448 217.7921146953405 199.42993866230967 193.2428517284106 prawn 0
230.47550262605017 50.63286759472116 272.34834383006483 72.99976639227273 227.19542184917594 153.81492747138668 185.3225806451613 131.4480286738351 prawn 0
314.35483870967744 3.706093189964149 380.08064516129036 3.706093189964149 380.08064516129036 69.15412186379928 314.35483870967744 69.15412186379928 prawn 0
186.76617059757874 268.2941897514389 249.43548387096774 319.9068100358423 223.19898479887064 350.3636777244123 160.52967152548155 298.7510574400089 prawn 0
