411.223831295688 140.01491340796082 439.35483870967744 121.19713261648745 483.1613063737649 183.80594138488337 455.03029895977545 202.62372217635667 prawn 0
335.32258064516134 37.21863799283153 430.08064516129036 37.21863799283153 430.08064516129036 68.36559139784946 335.32258064516134 68.36559139784946 prawn 0
34.112903225806456 36.16200716845876 102.22479484864968 -0.22080668014789392 121.41544708774754 34.12681876416725 53.303555464904306 70.50963261277388 prawn 0
50.48392949519551 179.83388786343312 81.69354838709678 166.93189964157708 115.02811260755693 244.02347699456618 83.81849371565566 256.92546521642225 prawn 0
2.661290322580654 118.04301075268815 32.500000000000014 118.04301075268815 32.500000000000014 202.41577060931897 2.661290322580654 202.41577060931897 prawn 0
237.68822988931714 127.18622980754394 286.28793307532857 159.6962123910413 267.98387096774195 185.85663082437273 219.38416778173047 153.34664824087528 prawn 0
164.35483870967744 217.7921146953405 308.3064516129033 217.7921146953405 308.3064516129033 249.72759856630822 164.35483870967744 249.72759856630822 prawn 0
122.94529657941413 208.94517889657487 185.86307381506043 157.1279309328736 204.6919707840334 178.98561941981123 141.7741935483871 230.80286738351253 prawn 0
75.35829736570427 211.44003478595232 40.81703729479187 182.99285949287588 -0.7453941398978046 231.24096879827715 33.79586593101457 259.68814409135365 prawn 0
26.854838709677427 289.9426523297491 62.33870967741937 289.9426523297491 62.33870967741937 350.6594982078853 26.854838709677427 350.6594982078853 prawn 0
