0 0.0757812 0.327778 0.0921875 0.0555556 0.0722944 0.324001 0.99946 0.0534625 0.32208 0.999169 0.0409809 0.32174 0.990614 0.114241 0.337057 0.973557
0 0.25625 0.0402778 0.0625 0.0805556 0.25927 0.0283344 0.998381 0.258684 0.0303078 0.999196 0.257022 0.0335304 0.995381 0.252516 0.0452929 0.790108
0 0.869531 0.0791667 0.0640625 0.158333 0.87438 0.0640228 0.996612 0.863133 0.102323 0.998893 0.856283 0.128943 0.992965 0 0 0.101417
0 0.334375 0.419444 0.04375 0.177778 0.337778 0.418881 0.999214 0.340568 0.460234 0.999648 0.341663 0.492688 0.998356 0.334563 0.347081 0.961251
0 0.944531 0.923611 0.107813 0.152778 0.948481 0.941163 0.997965 0.923596 0.976495 0.997707 0.906106 0.994285 0.964194 0.987469 0.861259 0.757407
0 0.269531 0.279167 0.0484375 0.208333 0.27597 0.263091 0.999642 0.281019 0.229368 0.999092 0.28335 0.203675 0.984928 0.25797 0.359002 0.993598
0 0.526563 0.455556 0.046875 0.133333 0.529728 0.458994 0.999376 0.535515 0.485634 0.999326 0.539324 0.50452 0.995212 0.516932 0.395754 0.994888
0 0.145313 0.0833333 0.05 0.161111 0.157366 0.056029 0.994934 0.162296 0.0468896 0.988462 0.164427 0.0449734 0.911565 0.133407 0.137531 0.98226
0 0.645312 0.179167 0.0625 0.119444 0.646547 0.167149 0.999007 0.633231 0.197215 0.99959 0.623458 0.217945 0.997791 0.672051 0.124567 0.837899
0 0.164844 0.356944 0.0578125 0.0416667 0.16142 0.356028 0.998515 0.168424 0.356913 0.998694 0.17439 0.358447 0.994139 0.155803 0.355175 0.974501
0 0.0359375 0.0902778 0.065625 0.0805556 0.0353093 0.0830176 0.987429 0.0259677 0.0753441 0.972441 0.0167196 0.0669363 0.855372 0.0305611 0.0888699 0.924243
0 0.592969 0.397222 0.0921875 0.0888889 0.595055 0.385467 0.999223 0.601922 0.387698 0.999532 0.606919 0.389462 0.997406 0.56353 0.392923 0.979309
0 0.325 0.358333 0.053125 0.155556 0.325995 0.360722 0.998883 0.328473 0.372308 0.997376 0.333061 0.383487 0.974747 0.328209 0.386433 0.985501
