0 0.567969 0.7125 0.120312 0.136111 0.560923 0.706246 0.999909 0.539273 0.687714 0.999843 0.520446 0.67409 0.998277 0.616322 0.755941 0.999736
0 0.0953125 0.375 0.04375 0.105556 0.0954335 0.367624 0.999609 0.100163 0.349504 0.999801 0.104521 0.338031 0.999175 0.0820457 0.419412 0.993104
0 0.71875 0.1125 0.04375 0.191667 0.717457 0.123407 0.999855 0.709165 0.166821 0.999847 0.702327 0.194308 0.998348 0.733015 0.0245651 0.999305
0 0.515625 0.297222 0.1 0.216667 0.523458 0.282108 0.999869 0.543842 0.243816 0.999696 0.560559 0.219575 0.995372 0.471435 0.388701 0.998302
0 0.2125 0.613889 0.05625 0.155556 0.208994 0.604541 0.999232 0.200025 0.58033 0.999119 0.194741 0.559012 0.992685 0.231239 0.678269 0.966694
0 0.0414063 0.711111 0.0796875 0.0555556 0.0362989 0.707334 0.994722 0.0498794 0.705453 0.986025 0.060905 0.703571 0.864888 0.0267641 0.71327 0.876764
0 0.511719 0.552778 0.0859375 0.0666667 0.504751 0.54442 0.999447 0.488229 0.544391 0.999493 0.476798 0.547575 0.997428 0.548393 0.565776 0.995711
0 0.586719 0.181944 0.0640625 0.147222 0.590722 0.162368 0.998004 0.590936 0.159864 0.998453 0.59011 0.160853 0.979146 0 0 0.0877825
0 0.0265625 0.519444 0.053125 0.0777778 0.0214345 0.514583 0.967474 0.0210122 0.512741 0.947938 0.0223889 0.512099 0.764792 0.0375374 0.516457 0.590187
0 0.982031 0.686111 0.0359375 0.138889 0.997994 0.68961 0.593656 0.986765 0.710701 0.905356 0.975345 0.733182 0.9156 0 0 0.02245
0 0.413281 0.666667 0.0640625 0.144444 0.414231 0.658635 0.999346 0.422068 0.685108 0.999039 0.426207 0.702696 0.990593 0.394402 0.607594 0.992922
0 0.0125 0.104167 0.025 0.208333 0 0 0.327911 0 0 0.21144 0 0 0.141903 0.0121117 0.175675 0.555949
0 0.889063 0.922222 0.075 0.155556 0.888871 0.926445 0.998449 0.877257 0.957119 0.999167 0.870689 0.98129 0.996471 0.918087 0.860909 0.954594
