0 0.53125 0.325 0.09375 0.1 0.537054 0.324454 0.99917 0.556111 0.340445 0.999544 0.569349 0.349668 0.998759 0.493292 0.288433 0.995765 0.768712
0 0.292969 0.411111 0.114063 0.177778 0.299019 0.424837 0.999342 0.322821 0.455002 0.999308 0.339924 0.473742 0.997707 0.250195 0.347198 0.986703 0.742272
0 0.715625 0.223611 0.190625 0.0861111 0.730304 0.221083 0.998278 0.774152 0.230427 0.994578 0.801718 0.234093 0.95796 0.628138 0.22184 0.994071 0.722493
0 0.41875 0.641667 0.10625 0.0611111 0.422326 0.639995 0.997884 0.447634 0.642051 0.998351 0.467024 0.64168 0.996057 0.368813 0.645023 0.98861 0.582869
0 0.0304688 0.131944 0.0609375 0.119444 0.0283581 0.127976 0.980094 0.0190034 0.117749 0.964839 0.0149029 0.112287 0.780413 0.0552405 0.178736 0.715123 0.539208
0 0.460156 0.2875 0.0359375 0.169444 0.457872 0.308006 0.998006 0.453777 0.347461 0.998631 0.451851 0.372433 0.995988 0.469458 0.213818 0.994854 0.474673
0 0.878125 0.4125 0.115625 0.0638889 0.86487 0.409049 0.999337 0.840889 0.424747 0.999368 0.827349 0.433902 0.997592 0.919099 0.375804 0.997924 0.461815
0 0.078125 0.879167 0.134375 0.130556 0.0861849 0.885324 0.995755 0.11588 0.912644 0.995863 0.134887 0.927434 0.978422 0 0 0.141798 0.379201
0 0.880469 0.397222 0.114063 0.0833333 0.870564 0.400845 0.998463 0.849306 0.416415 0.999096 0.8358 0.423799 0.997388 0.926595 0.364563 0.992466 0.33815
0 0.0945313 0.401389 0.0828125 0.119444 0.0847346 0.394605 0.99178 0.110134 0.423935 0.992551 0.128 0.443032 0.97634 0 0 0.361612 0.324154
0 0.45625 0.316667 0.0375 0.227778 0.459509 0.331324 0.999006 0.455556 0.361513 0.998946 0.45608 0.384874 0.995914 0.464317 0.23346 0.994567 0.136686
0 0.216406 0.0263889 0.0703125 0.0527778 0.222663 0.00574762 0.793094 0.238694 0.0085814 0.794492 0.251321 0.0156893 0.772967 0.189205 0.0213622 0.760671 0.10243
