0 0.530469 0.326389 0.101562 0.0972222 0.540374 0.33134 0.999606 0.558777 0.34606 0.999719 0.572929 0.354072 0.9992 0.495025 0.294223 0.998966 0.750115
0 0.527344 0.566667 0.0515625 0.211111 0.527686 0.561272 0.99868 0.521022 0.512687 0.99817 0.517548 0.481657 0.991381 0.540291 0.660202 0.998598 0.657538
0 0.0320312 0.395833 0.0640625 0.113889 0.0329039 0.39569 0.964005 0.0468127 0.412852 0.953683 0.0564565 0.422243 0.890632 0.00620242 0.365906 0.912822 0.494703
0 0.874219 0.381944 0.129688 0.0916667 0.890539 0.384835 0.998939 0.902636 0.378201 0.999123 0.911506 0.370537 0.997056 0.847743 0.405843 0.995423 0.466217
0 0.290625 0.426389 0.10625 0.163889 0.292754 0.433247 0.999539 0.316561 0.455914 0.999738 0.333633 0.471911 0.999022 0.249252 0.383932 0.964249 0.443666
0 0.335156 0.586111 0.0421875 0.144444 0.337331 0.582416 0.987571 0.335504 0.559672 0.986297 0.335159 0.548525 0.968443 0.341238 0.627841 0.994413 0.431233
0 0.453125 0.304167 0.034375 0.180556 0.455067 0.319111 0.998838 0.450447 0.357719 0.999333 0.446357 0.382715 0.997922 0.461679 0.23393 0.991671 0.35844
0 0.714844 0.219444 0.201562 0.0777778 0.726622 0.215634 0.995992 0.770922 0.224112 0.979327 0.798163 0.227984 0.821456 0.621312 0.225728 0.993307 0.34419
0 0.873438 0.4 0.128125 0.0888889 0.878389 0.394711 0.999304 0.879337 0.392266 0.998843 0.882067 0.388176 0.993273 0.858603 0.409685 0.99619 0.321894
0 0.424219 0.633333 0.101562 0.0666667 0.432349 0.632092 0.99672 0.451855 0.62609 0.997016 0.467439 0.622064 0.99363 0.380692 0.648341 0.99442 0.264313
0 0.0304688 0.169444 0.0609375 0.0833333 0.0316021 0.164575 0.995641 0.0197117 0.154828 0.996248 0.0100685 0.146968 0.989187 0.0583515 0.188605 0.974856 0.232461
0 0.574219 0.515278 0.0484375 0.152778 0.567812 0.5295 0.996268 0.567326 0.519247 0.995775 0.572284 0.513684 0.989003 0.57627 0.564824 0.999007 0.187633
0 0.708594 0.480556 0.0734375 0.0888889 0.711349 0.476754 0.996861 0.725152 0.493078 0.997482 0.736835 0.503182 0.995483 0.681148 0.453435 0.989547 0.174355
