0 0.741406 0.718056 0.139062 0.186111 0.745192 0.717801 0.999936 0.715788 0.749803 0.999955 0.693801 0.775078 0.999633 0.803059 0.649845 0.998241
0 0.115625 0.611111 0.06875 0.216667 0.114682 0.593492 0.999493 0.105682 0.55424 0.998589 0.0965824 0.523914 0.97503 0.132222 0.697964 0.987988
0 0.107031 0.102778 0.0671875 0.0611111 0.104102 0.0936605 0.99754 0.0901896 0.0898944 0.992402 0.0806712 0.0848887 0.92695 0.137093 0.111648 0.995504
0 0.244531 0.390278 0.0390625 0.125 0.243038 0.391162 0.998565 0.248457 0.418898 0.998878 0.251266 0.440073 0.9946 0.236686 0.335031 0.98783
0 0.430469 0.202778 0.0859375 0.172222 0.427928 0.207693 0.999911 0.411764 0.241012 0.999953 0.401294 0.26251 0.999704 0.467304 0.126417 0.998784
0 0.835156 0.966667 0.0609375 0.0666667 0.844698 0.98429 0.96372 0.841717 0.968123 0.990742 0.837775 0.954247 0.977983 0 0 0.0346735
0 0.0289063 0.640278 0.0578125 0.225 0.0215212 0.625894 0.996904 0.0257099 0.620244 0.995051 0.0289811 0.621849 0.933201 0.0231436 0.672424 0.646984
0 0.14375 0.854167 0.078125 0.186111 0.147762 0.865012 0.999924 0.138057 0.902462 0.99996 0.136015 0.930314 0.999729 0.171089 0.794601 0.98884
0 0.636719 0.920833 0.0671875 0.0472222 0.638224 0.916679 0.996539 0.635504 0.919956 0.994563 0.629619 0.921198 0.972226 0.630471 0.916378 0.995811
0 0.0359375 0.0777778 0.071875 0.0833333 0 0 0.276946 0 0 0.138426 0 0 0.134757 0.0849859 0.0882145 0.668857
0 0.988281 0.133333 0.0234375 0.194444 0 0 0.0256056 0 0 0.0176223 0 0 0.0502246 0.992303 0.0578817 0.782882
0 0.285937 0.934722 0.05 0.0916667 0.287983 0.935398 0.961127 0.281452 0.932749 0.959306 0.270761 0.931216 0.919588 0.291017 0.938607 0.892408
