0 0.81875 0.906944 0.125 0.163889 0.821811 0.915197 0.999869 0.793211 0.943185 0.999847 0.771064 0.962637 0.998324 0.871335 0.847766 0.999141
0 0.524219 0.383333 0.0703125 0.133333 0.528342 0.376033 0.99986 0.519538 0.396346 0.99991 0.513137 0.410742 0.999408 0.551092 0.334873 0.997715
0 0.6 0.745833 0.078125 0.280556 0.596089 0.728202 0.999964 0.588287 0.70322 0.999778 0.581988 0.683797 0.980629 0.618969 0.821802 0.994094
0 0.603125 0.786111 0.078125 0.2 0.600511 0.741896 0.999376 0.59158 0.698105 0.998701 0.584297 0.665134 0.978073 0.621277 0.873131 0.94752
0 0.0601562 0.5125 0.114063 0.108333 0.0544432 0.496747 0.999636 0.0360952 0.491376 0.994421 0.0233802 0.481859 0.67556 0.110667 0.532074 0.992949
0 0.625 0.3875 0.08125 0.130556 0.633025 0.397945 0.994983 0.645318 0.425546 0.986773 0.652236 0.443375 0.878946 0.59424 0.33024 0.986054
0 0.0546875 0.886111 0.053125 0.2 0.0515149 0.862188 0.999393 0.057347 0.910217 0.999615 0.0627874 0.94699 0.997466 0.049816 0.778628 0.816761
0 0.0554687 0.494444 0.107813 0.138889 0.045279 0.478191 0.999431 0.025087 0.471722 0.984815 0 0 0.353557 0.106422 0.52304 0.993293
0 0.701563 0.920833 0.078125 0.158333 0.707565 0.93122 0.991855 0.708103 0.92279 0.995736 0.708485 0.899009 0.978643 0 0 0.222019
0 0.046875 0.4125 0.0875 0.0583333 0.0356998 0.419672 0.990716 0.0159962 0.421484 0.968259 0.00487617 0.413547 0.760875 0.0835607 0.425666 0.959259
0 0.0492188 0.438889 0.0953125 0.111111 0.0415189 0.420927 0.999168 0.018856 0.418559 0.993127 0.00375784 0.409395 0.769918 0.0983408 0.447004 0.988084
