0 0.792188 0.858333 0.08125 0.0944444 0.789186 0.853389 0.999608 0.773961 0.838684 0.999302 0.761401 0.828103 0.992701 0.825868 0.895342 0.996771
0 0.615625 0.752778 0.134375 0.0777778 0.613045 0.745015 0.999647 0.584925 0.740816 0.999481 0.566112 0.738491 0.996666 0.680105 0.766475 0.998201
0 0.457031 0.775 0.0671875 0.0944444 0.457165 0.774009 0.999767 0.471149 0.790054 0.999806 0.481757 0.80323 0.998895 0.4291 0.73477 0.997986
0 0.546094 0.238889 0.0515625 0.183333 0.550962 0.214621 0.999121 0.549907 0.197396 0.999166 0.548092 0.189537 0.989438 0.543737 0.267759 0.613509
0 0.5 0.663889 0.059375 0.1 0.498597 0.66398 0.99938 0.488639 0.685569 0.999687 0.480385 0.70257 0.998877 0.523691 0.618183 0.99629
0 0.283594 0.818056 0.0640625 0.113889 0.288028 0.804442 0.999436 0.282001 0.809954 0.999807 0.278802 0.812636 0.998776 0.302299 0.80223 0.756205
0 0.0492188 0.177778 0.0296875 0.177778 0.049198 0.181603 0.999494 0.050825 0.216936 0.999498 0.0512844 0.243458 0.995656 0.0499571 0.102813 0.987268
0 0.786719 0.851389 0.0703125 0.075 0.787215 0.854069 0.987624 0.770863 0.840331 0.987025 0.759243 0.829245 0.963382 0.821571 0.885835 0.908187
0 0.0539063 0.709722 0.0546875 0.225 0.0573219 0.711133 0.999459 0.0574759 0.683893 0.999817 0.0563404 0.668836 0.999075 0.0556509 0.768554 0.692858
0 0.285937 0.838889 0.05625 0.138889 0.284686 0.825314 0.999316 0.279476 0.826513 0.999097 0.276498 0.823027 0.991632 0.299739 0.841383 0.966692
0 0.18125 0.0388889 0.090625 0.05 0.192941 0.0407685 0.993195 0.208477 0.0383695 0.985402 0.21972 0.038176 0.936454 0.155288 0.0478688 0.990865
