0 0.254687 0.536111 0.059375 0.177778 0.256746 0.545639 0.999178 0.266755 0.582859 0.998947 0.271027 0.606732 0.988851 0.231258 0.461168 0.987691
0 0.529688 0.613889 0.084375 0.133333 0.538056 0.597819 0.999642 0.52692 0.574073 0.999633 0.514387 0.560219 0.996998 0.564073 0.663764 0.989224
0 0.532031 0.820833 0.104687 0.202778 0.537127 0.818377 0.99989 0.515756 0.858633 0.999929 0.499761 0.889541 0.999322 0.579738 0.74124 0.990565
0 0.407031 0.0625 0.0609375 0.125 0.404278 0.0478483 0.997587 0.418011 0.0789358 0.998746 0.42598 0.104728 0.991504 0 0 0.152724
0 0.39375 0.488889 0.065625 0.105556 0.409953 0.482179 0.999672 0.39714 0.494756 0.999947 0.387406 0.503287 0.999762 0.428203 0.482649 0.55394
0 0.764844 0.4875 0.101562 0.075 0.758606 0.481375 0.999692 0.745705 0.475399 0.999428 0.736218 0.469954 0.992063 0.780645 0.504015 0.984649
0 0.375 0.604167 0.096875 0.125 0.364353 0.592689 0.999474 0.371932 0.586117 0.999509 0.376169 0.582899 0.996591 0.330194 0.644099 0.98997
0 0.254687 0.536111 0.059375 0.177778 0.256746 0.545639 0.999178 0.266755 0.582859 0.998947 0.271027 0.606732 0.988851 0.231258 0.461168 0.987691 0.77742
0 0.529688 0.613889 0.084375 0.133333 0.538056 0.597819 0.999642 0.52692 0.574073 0.999633 0.514387 0.560219 0.996998 0.564073 0.663764 0.989224 0.660948
0 0.532031 0.820833 0.104687 0.202778 0.537127 0.818377 0.99989 0.515756 0.858633 0.999929 0.499761 0.889541 0.999322 0.579738 0.74124 0.990565 0.561866
0 0.407031 0.0625 0.0609375 0.125 0.404278 0.0478483 0.997587 0.418011 0.0789358 0.998746 0.42598 0.104728 0.991504 0 0 0.152724 0.2795
0 0.39375 0.488889 0.065625 0.105556 0.409953 0.482179 0.999672 0.39714 0.494756 0.999947 0.387406 0.503287 0.999762 0.428203 0.482649 0.55394 0.181073
0 0.764844 0.4875 0.101562 0.075 0.758606 0.481375 0.999692 0.745705 0.475399 0.999428 0.736218 0.469954 0.992063 0.780645 0.504015 0.984649 0.138463
0 0.375 0.604167 0.096875 0.125 0.364353 0.592689 0.999474 0.371932 0.586117 0.999509 0.376169 0.582899 0.996591 0.330194 0.644099 0.98997 0.124326
