0 0.360156 0.851389 0.0453125 0.169444 0.357618 0.84214 0.999775 0.354489 0.826292 0.999454 0.351446 0.814107 0.991715 0.362241 0.910434 0.999254
0 0.197656 0.802778 0.0828125 0.377778 0.193383 0.791213 0.999163 0.200539 0.70972 0.997515 0.20356 0.648404 0.959842 0.180666 0.970536 0.923086
0 0.421875 0.663889 0.103125 0.133333 0.421657 0.66429 0.999796 0.400718 0.688788 0.999961 0.386921 0.70937 0.999872 0.470717 0.619771 0.932731
0 0.955469 0.261111 0.0640625 0.172222 0.955151 0.263135 0.998802 0.96617 0.301488 0.999274 0.972973 0.328344 0.99522 0.94208 0.180749 0.814969
0 0.310156 0.761111 0.0515625 0.205556 0.316198 0.760829 0.999947 0.314147 0.769294 0.999964 0.314098 0.771164 0.999436 0.32992 0.747398 0.919768
0 0.176563 0.252778 0.0625 0.266667 0.173786 0.245548 0.999862 0.172313 0.197022 0.999709 0.169588 0.164075 0.995548 0.181749 0.371609 0.997587
0 0.2625 0.791667 0.05625 0.105556 0.263823 0.783115 0.999367 0.268784 0.773526 0.999766 0.2708 0.767822 0.99866 0.252112 0.806882 0.610728
0 0.914844 0.131944 0.0890625 0.169444 0.913072 0.120211 0.999822 0.908375 0.110957 0.999664 0.905133 0.0984239 0.990868 0.929184 0.154529 0.675668
0 0.6875 0.873611 0.053125 0.158333 0.693893 0.867077 0.998693 0.686572 0.908306 0.997899 0.679735 0.936643 0.960817 0.702112 0.791738 0.674861
0 0.360156 0.851389 0.0453125 0.169444 0.357618 0.84214 0.999775 0.354489 0.826292 0.999454 0.351446 0.814107 0.991715 0.362241 0.910434 0.999254 0.692998
0 0.197656 0.802778 0.0828125 0.377778 0.193383 0.791213 0.999163 0.200539 0.70972 0.997515 0.20356 0.648404 0.959842 0.180666 0.970536 0.923086 0.647786
0 0.421875 0.663889 0.103125 0.133333 0.421657 0.66429 0.999796 0.400718 0.688788 0.999961 0.386921 0.70937 0.999872 0.470717 0.619771 0.932731 0.57868
0 0.955469 0.261111 0.0640625 0.172222 0.955151 0.263135 0.998802 0.96617 0.301488 0.999274 0.972973 0.328344 0.99522 0.94208 0.180749 0.814969 0.524624
0 0.310156 0.761111 0.0515625 0.205556 0.316198 0.760829 0.999947 0.314147 0.769294 0.999964 0.314098 0.771164 0.999436 0.32992 0.747398 0.919768 0.337615
0 0.176563 0.252778 0.0625 0.266667 0.173786 0.245548 0.999862 0.172313 0.197022 0.999709 0.169588 0.164075 0.995548 0.181749 0.371609 0.997587 0.292417
0 0.2625 0.791667 0.05625 0.105556 0.263823 0.783115 0.999367 0.268784 0.773526 0.999766 0.2708 0.767822 0.99866 0.252112 0.806882 0.610728 0.194593
0 0.914844 0.131944 0.0890625 0.169444 0.913072 0.120211 0.999822 0.908375 0.110957 0.999664 0.905133 0.0984239 0.990868 0.929184 0.154529 0.675668 0.153583
0 0.6875 0.873611 0.053125 0.158333 0.693893 0.867077 0.998693 0.686572 0.908306 0.997899 0.679735 0.936643 0.960817 0.702112 0.791738 0.674861 0.135548
