0 0.81875 0.922222 0.096875 0.15 0.804385 0.907812 0.999662 0.788092 0.877151 0.999556 0.777518 0.853659 0.997572 0.847977 0.987606 0.999494 0.77275
0 0.0203125 0.447222 0.040625 0.255556 0.0102957 0.435709 0.981161 0.00518095 0.386879 0.914802 0 0 0.446622 0.0236089 0.56224 0.998257 0.679804
0 0.975781 0.901389 0.0484375 0.136111 0.978757 0.894525 0.962015 0.987677 0.917897 0.879227 0 0 0.47028 0.956746 0.854814 0.786206 0.522646
0 0.958594 0.169444 0.0828125 0.05 0.966083 0.165325 0.987206 0.973141 0.169983 0.964752 0.974814 0.171203 0.793595 0.929645 0.17687 0.892432 0.482741
0 0.917188 0.790278 0.128125 0.152778 0.929934 0.813273 0.999792 0.95396 0.841088 0.99984 0.969688 0.855716 0.999147 0.868941 0.738922 0.99668 0.465795
0 0.482812 0.454167 0.034375 0.180556 0.482691 0.436736 0.996998 0.478604 0.394732 0.995262 0.476299 0.372692 0.977751 0.49148 0.531146 0.99784 0.404276
0 0.517187 0.0527778 0.09375 0.1 0.519459 0.0543989 0.990169 0.502803 0.0721755 0.989071 0.491402 0.0841244 0.958745 0.55523 0.016127 0.979821 0.344388
0 0.976562 0.408333 0.03125 0.105556 0.974673 0.420546 0.974853 0.977266 0.436614 0.987678 0.977527 0.448214 0.985251 0.967731 0.391758 0.888713 0.30767
0 0.959375 0.180556 0.08125 0.0555556 0.973794 0.175613 0.705666 0.986943 0.183181 0.595313 0 0 0.484585 0.924694 0.194389 0.890236 0.152713
0 0.98125 0.402778 0.0375 0.122222 0.980476 0.407742 0.926316 0.984583 0.430699 0.912191 0.984198 0.447682 0.862353 0.977465 0.374847 0.91909 0.142398
0 0.985937 0.293056 0.028125 0.0638889 0 0 0.48791 0.99446 0.296415 0.54306 0.995311 0.300136 0.548955 0.980759 0.296151 0.786718 0.140648
0 0.974219 0.948611 0.0515625 0.0916667 0.976903 0.927128 0.869143 0.983115 0.936878 0.689117 0 0 0.323557 0.964581 0.914471 0.700856 0.12318
