0 0.86875 0.666667 0.040625 0.194444 0.875495 0.65962 0.998483 0.874694 0.615354 0.99906 0.871974 0.584096 0.996284 0.873149 0.756874 0.897664
0 0.949219 0.805556 0.0984375 0.0777778 0.94701 0.801047 0.997693 0.923591 0.793112 0.994349 0.905454 0.787546 0.912619 0.977497 0.818256 0.7097
0 0.739844 0.752778 0.157813 0.0944444 0.733107 0.736986 0.999243 0.697215 0.738907 0.999281 0.674503 0.741652 0.997397 0.814245 0.750498 0.989595
0 0.028125 0.0902778 0.05 0.152778 0.0292938 0.0811373 0.994703 0.0271147 0.112399 0.9928 0.0244566 0.135962 0.949718 0.0384515 0.035792 0.952449
0 0.417969 0.948611 0.0828125 0.0972222 0.41582 0.948582 0.996773 0.400162 0.939944 0.995074 0.388181 0.928087 0.953999 0.439792 0.968504 0.726651
0 0.59375 0.8375 0.075 0.0916667 0.597551 0.832354 0.999611 0.612305 0.844012 0.999326 0.623383 0.853377 0.993002 0.562319 0.811839 0.998713
0 0.028125 0.890278 0.05625 0.197222 0.0249068 0.883981 0.976699 0.0288023 0.900501 0.931041 0 0 0.46994 0 0 0.183299
0 0.592969 0.4125 0.0859375 0.280556 0.601336 0.374988 0.999732 0.608528 0.318572 0.998311 0.614348 0.275962 0.946789 0.572669 0.53935 0.998708
0 0.235156 0.0263889 0.0671875 0.0527778 0.240399 0.0143487 0.98635 0.232545 0.0172667 0.983054 0.225501 0.0188166 0.871593 0 0 0.205527
0 0.86875 0.666667 0.040625 0.194444 0.875495 0.65962 0.998483 0.874694 0.615354 0.99906 0.871974 0.584096 0.996284 0.873149 0.756874 0.897664 0.700321
0 0.949219 0.805556 0.0984375 0.0777778 0.94701 0.801047 0.997693 0.923591 0.793112 0.994349 0.905454 0.787546 0.912619 0.977497 0.818256 0.7097 0.672497
0 0.739844 0.752778 0.157813 0.0944444 0.733107 0.736986 0.999243 0.697215 0.738907 0.999281 0.674503 0.741652 0.997397 0.814245 0.750498 0.989595 0.526202
0 0.028125 0.0902778 0.05 0.152778 0.0292938 0.0811373 0.994703 0.0271147 0.112399 0.9928 0.0244566 0.135962 0.949718 0.0384515 0.035792 0.952449 0.45931
0 0.417969 0.948611 0.0828125 0.0972222 0.41582 0.948582 0.996773 0.400162 0.939944 0.995074 0.388181 0.928087 0.953999 0.439792 0.968504 0.726651 0.28974
0 0.59375 0.8375 0.075 0.0916667 0.597551 0.832354 0.999611 0.612305 0.844012 0.999326 0.623383 0.853377 0.993002 0.562319 0.811839 0.998713 0.267575
0 0.028125 0.890278 0.05625 0.197222 0.0249068 0.883981 0.976699 0.0288023 0.900501 0.931041 0 0 0.46994 0 0 0.183299 0.14805
0 0.592969 0.4125 0.0859375 0.280556 0.601336 0.374988 0.999732 0.608528 0.318572 0.998311 0.614348 0.275962 0.946789 0.572669 0.53935 0.998708 0.13402
0 0.235156 0.0263889 0.0671875 0.0527778 0.240399 0.0143487 0.98635 0.232545 0.0172667 0.983054 0.225501 0.0188166 0.871593 0 0 0.205527 0.104713
