0 0.353906 0.618056 0.0453125 0.169444 0.355652 0.628278 0.999606 0.347249 0.660913 0.999735 0.341833 0.686194 0.998745 0.37568 0.546836 0.998032
0 0.4125 0.672222 0.046875 0.133333 0.412556 0.675499 0.999328 0.405843 0.701133 0.999239 0.399699 0.720567 0.995515 0.424996 0.616124 0.998693
0 0.96875 0.461111 0.0625 0.0777778 0.976794 0.455773 0.938484 0.965472 0.463073 0.974371 0.953415 0.473279 0.950251 0 0 0.346308
0 0.30625 0.530556 0.040625 0.111111 0.304101 0.532797 0.998771 0.296961 0.551052 0.999215 0.293074 0.565394 0.997495 0.317765 0.494656 0.994855
0 0.246094 0.584722 0.0765625 0.119444 0.242896 0.575944 0.999605 0.254352 0.600107 0.999494 0.262098 0.615339 0.993694 0.228411 0.518658 0.834884
0 0.957812 0.169444 0.084375 0.0666667 0.973476 0.160041 0.968148 0.969412 0.158952 0.891828 0 0 0.451476 0.928391 0.168168 0.889291
0 0.446094 0.0777778 0.0484375 0.144444 0.448877 0.0708589 0.999874 0.446335 0.104251 0.999909 0.444331 0.132059 0.999098 0.460294 0.0237846 0.9623
0 0.657031 0.672222 0.0515625 0.183333 0.661963 0.670342 0.9982 0.657985 0.644596 0.998683 0.653095 0.628075 0.990978 0.665757 0.741892 0.745698
0 0.676562 0.420833 0.11875 0.0861111 0.682 0.421234 0.999872 0.661462 0.422087 0.999849 0.646239 0.421591 0.998596 0.729707 0.428456 0.996557
0 0.576563 0.3875 0.0375 0.125 0.577487 0.376574 0.997726 0.578507 0.390663 0.998145 0.579068 0.405769 0.991736 0.579775 0.355259 0.979842
0 0.389844 0.643056 0.0921875 0.158333 0.3988 0.671742 0.998782 0.390299 0.698296 0.998534 0.384751 0.719377 0.993573 0.418124 0.607006 0.978685
0 0.353906 0.618056 0.0453125 0.169444 0.355652 0.628278 0.999606 0.347249 0.660913 0.999735 0.341833 0.686194 0.998745 0.37568 0.546836 0.998032 0.686658
0 0.4125 0.672222 0.046875 0.133333 0.412556 0.675499 0.999328 0.405843 0.701133 0.999239 0.399699 0.720567 0.995515 0.424996 0.616124 0.998693 0.620196
0 0.96875 0.461111 0.0625 0.0777778 0.976794 0.455773 0.938484 0.965472 0.463073 0.974371 0.953415 0.473279 0.950251 0 0 0.346308 0.555051
0 0.30625 0.530556 0.040625 0.111111 0.304101 0.532797 0.998771 0.296961 0.551052 0.999215 0.293074 0.565394 0.997495 0.317765 0.494656 0.994855 0.535
0 0.246094 0.584722 0.0765625 0.119444 0.242896 0.575944 0.999605 0.254352 0.600107 0.999494 0.262098 0.615339 0.993694 0.228411 0.518658 0.834884 0.469567
0 0.957812 0.169444 0.084375 0.0666667 0.973476 0.160041 0.968148 0.969412 0.158952 0.891828 0 0 0.451476 0.928391 0.168168 0.889291 0.394663
0 0.446094 0.0777778 0.0484375 0.144444 0.448877 0.0708589 0.999874 0.446335 0.104251 0.999909 0.444331 0.132059 0.999098 0.460294 0.0237846 0.9623 0.332791
0 0.657031 0.672222 0.0515625 0.183333 0.661963 0.670342 0.9982 0.657985 0.644596 0.998683 0.653095 0.628075 0.990978 0.665757 0.741892 0.745698 0.254339
0 0.676562 0.420833 0.11875 0.0861111 0.682 0.421234 0.999872 0.661462 0.422087 0.999849 0.646239 0.421591 0.998596 0.729707 0.428456 0.996557 0.207577
0 0.576563 0.3875 0.0375 0.125 0.577487 0.376574 0.997726 0.578507 0.390663 0.998145 0.579068 0.405769 0.991736 0.579775 0.355259 0.979842 0.143454
0 0.389844 0.643056 0.0921875 0.158333 0.3988 0.671742 0.998782 0.390299 0.698296 0.998534 0.384751 0.719377 0.993573 0.418124 0.607006 0.978685 0.135774
