485.04844148591945 73.08334650116154 517.9577875568083 91.06180419881912 482.7741391592419 155.4650405956126 449.86479308835294 137.48658289795503 prawn 0
331.0858834095792 81.867626027344 439.7580645161291 115.48387096774194 422.6237940097758 170.87430945652693 313.95161290322585 137.25806451612902 prawn 0
290.9677419354839 229.99999999999997 403.4677419354839 229.99999999999997 403.4677419354839 290.4838709677419 290.9677419354839 290.4838709677419 prawn 0
373.1239532553276 49.445653466200724 421.5869834430905 16.290310670977664 475.31786889744035 94.8285281725189 426.85483870967744 127.98387096774194 prawn 0
96.20967741935485 171.1290322580645 148.6290322580645 171.1290322580645 148.6290322580645 261.04838709677415 96.20967741935485 261.04838709677415 prawn 0
263.026918817952 21.030855443377078 295.4222761984921 27.597719488302488 275.6451612903226 125.16129032258064 243.24980390978257 118.59442627765526 prawn 0
255.08064516129033 116.29032258064515 291.77973875704515 141.39752334227788 236.1290322580645 222.74193548387095 199.42993866230967 197.63473472223814 prawn 0
230.4755026260502 51.78361458551028 272.34834383006483 74.65885199209711 227.19542184917594 157.31072127755456 185.3225806451613 134.43548387096772 prawn 0
314.35483870967744 3.790322580645152 380.08064516129036 3.790322580645152 380.08064516129036 70.7258064516129 314.35483870967744 70.7258064516129 prawn 0
186.76617059757874 274.3917849730625 249.43548387096774 327.1774193548387 223.19898479887064 358.3264885817853 160.52967152548155 305.54085420000905 prawn 0
