76.04838709677419 55.4032258064516 131.69354838709677 55.4032258064516 131.69354838709677 170.32258064516128 76.04838709677419 170.32258064516128 prawn 0
121.61290322580646 135.64516129032256 209.11290322580646 135.64516129032256 209.11290322580646 207.01612903225805 121.61290322580646 207.01612903225805 prawn 0
165.96774193548387 2.983870967741926 227.25806451612902 2.983870967741926 227.25806451612902 73.95161290322581 165.96774193548387 73.95161290322581 prawn 0
41.55765863091723 -0.6492795141577652 106.67169479469005 26.880493420556817 89.35483870967744 67.83870967741927 24.240802545904618 40.30893674270477 prawn 0
320.49498681069616 134.3424648205662 449.4578461735832 188.8670872282781 434.11290322580646 225.16129032258064 305.1500438629194 170.63666791486872 prawn 0
370.00000000000006 262.6612903225806 397.68016728030665 239.34660705310415 454.6774193548387 307.01612903225805 426.99725207453207 330.3308123017345 prawn 0
444.3375442133442 304.8654680523795 473.7523319505409 284.3069180729671 504.93664933504294 328.9248545282654 475.5218615978462 349.4834045076779 prawn 0
570.0 247.74193548387095 638.5483870967743 247.74193548387095 638.5483870967743 274.758064516129 570.0 274.758064516129 prawn 0
559.9193548387098 28.38709677419354 629.2741935483872 28.38709677419354 629.2741935483872 61.048387096774185 559.9193548387098 61.048387096774185 prawn 0
595.0 63.06451612903225 628.4677419354839 63.06451612903225 628.4677419354839 127.1774193548387 595.0 127.1774193548387 prawn 0
295.4638742868732 261.3552217219812 223.43390101032028 322.0252312578876 254.42163962667297 358.8151708262289 326.45161290322585 298.14516129032256 prawn 0
