411.22383129568794 143.197070530869 439.35483870967744 123.95161290322581 483.16130637376494 187.9833491436307 455.0302989597754 207.22880677127387 prawn 0
335.32258064516134 38.06451612903225 430.08064516129036 38.06451612903225 430.08064516129036 69.91935483870968 335.32258064516134 69.91935483870968 prawn 0
34.112903225806456 36.983870967741915 102.22479484864968 -0.22582501378761877 121.41544708774754 34.90242828153468 53.303555464904306 72.1121242630642 prawn 0
50.48392949519551 183.92102167851115 81.69354838709678 170.7258064516129 115.02811260755692 249.56946510807904 83.81849371565566 262.7646803349773 prawn 0
2.661290322580654 120.72580645161288 32.500000000000014 120.72580645161288 32.500000000000014 207.01612903225805 2.661290322580654 207.01612903225805 prawn 0
237.68822988931714 130.07682593953356 286.28793307532857 163.325671763565 267.98387096774195 190.0806451612903 219.38416778173044 156.83179933725881 prawn 0
164.35483870967744 222.74193548387095 308.3064516129033 222.74193548387095 308.3064516129033 255.4032258064516 164.35483870967744 255.4032258064516 prawn 0
122.94529657941415 213.69393296240614 185.86307381506043 160.6990202722571 204.6919707840334 183.05347440662513 141.7741935483871 236.04838709677418 prawn 0
75.35829736570427 216.24549012199668 40.81703729479187 187.15178811771398 -0.7453941398978046 236.49644536187435 33.79586593101457 265.5901473661571 prawn 0
26.854838709677427 296.5322580645161 62.33870967741937 296.5322580645161 62.33870967741937 358.6290322580645 26.854838709677427 358.6290322580645 prawn 0
