50.24193548387098 49.758064516129025 83.70967741935485 49.758064516129025 83.70967741935485 120.32258064516128 50.24193548387098 120.32258064516128 prawn 0
22.22015071004411 159.2447861542068 100.52172922233385 126.13940974271699 108.78544948003167 145.68494616915535 30.483870967741943 178.79032258064515 prawn 0
57.90322580645162 232.41935483870967 113.54838709677419 232.41935483870967 113.54838709677419 328.7903225806451 57.90322580645162 328.7903225806451 prawn 0
104.2741935483871 100.16129032258064 156.29032258064515 100.16129032258064 156.29032258064515 184.0322580645161 104.2741935483871 184.0322580645161 prawn 0
47.01612903225808 173.54838709677418 84.51612903225806 173.54838709677418 84.51612903225806 229.19354838709677 47.01612903225808 229.19354838709677 prawn 0
205.88709677419357 169.11290322580643 251.45161290322582 169.11290322580643 251.45161290322582 255.80645161290323 205.88709677419357 255.80645161290323 prawn 0
283.9800961381241 71.34838531371489 331.8391860616468 111.65954065583568 320.8064516129033 124.75806451612902 272.94736168938067 84.44690917400825 prawn 0
244.35354951403397 127.983747552041 228.75047159671556 103.683393475217 169.7195027278429 141.5867426973695 185.3225806451613 165.88709677419354 prawn 0
295.5188667204142 279.5061995497888 360.3550034551762 212.74841327748882 381.2071044766974 233.00027824382903 316.37096774193554 299.758064516129 prawn 0
323.2258064516129 138.06451612903223 193.79032258064518 138.06451612903223 193.79032258064518 186.8548387096774 323.2258064516129 186.8548387096774 prawn 0
469.5967741935484 83.62903225806451 488.99738439575225 59.1811938862664 550.4984538217883 107.98543812282765 531.0978436195844 132.4332764946257 prawn 0
