0 0.582031 0.626389 0.154687 0.230556 0.570113 0.604231 0.999955 0.538759 0.557256 0.999923 0.516447 0.523286 0.99905 0.644658 0.718475 0.999143
0 0.116406 0.673611 0.0984375 0.0916667 0.127978 0.663342 0.999044 0.145959 0.651767 0.999137 0.158921 0.641095 0.996921 0.0798864 0.704473 0.99095
0 0.835938 0.533333 0.075 0.188889 0.836489 0.552298 0.999097 0.822489 0.601285 0.999526 0.813509 0.632501 0.998134 0.864634 0.456225 0.990315
0 0.0242187 0.9125 0.0484375 0.108333 0.0176836 0.908303 0.933612 0.0291628 0.892414 0.969295 0.0393285 0.881194 0.951423 0 0 0.154191
0 0.975781 0.725 0.0484375 0.227778 0.987277 0.731536 0.952144 0.98612 0.676996 0.978539 0.979245 0.646282 0.955519 0 0 0.24973
0 0.966406 0.270833 0.0671875 0.136111 0.978477 0.261544 0.860586 0.98427 0.258394 0.605898 0 0 0.16354 0.949521 0.301431 0.917403
0 0.05 0.740278 0.096875 0.125 0.038781 0.74597 0.995501 0.0144858 0.774533 0.966897 0 0 0.490284 0.108134 0.697078 0.934156
0 0.826563 0.569444 0.090625 0.261111 0.826234 0.581609 0.999733 0.807337 0.637846 0.999842 0.796495 0.674551 0.998883 0.862969 0.474257 0.993468
0 0.801562 0.833333 0.075 0.0944444 0.807386 0.829436 0.9978 0.821187 0.820082 0.997315 0.832396 0.811724 0.991409 0.771635 0.859239 0.997779
0 0.614062 0.669444 0.0875 0.144444 0.602548 0.656451 0.992619 0.587776 0.635582 0.983429 0.582512 0.623546 0.912003 0.646347 0.724013 0.99801
0 0.969531 0.269444 0.0609375 0.1 0.980021 0.258441 0.646519 0.989817 0.253412 0.586382 0.99193 0.252604 0.520771 0.949515 0.291017 0.850467
