0 0.590625 0.393056 0.05 0.147222 0.590724 0.399445 0.997007 0.582876 0.432731 0.998143 0.576586 0.453164 0.994611 0.608958 0.332948 0.990233
0 0.635156 0.677778 0.0546875 0.222222 0.637044 0.669318 0.998605 0.641226 0.624416 0.997999 0.646291 0.594393 0.98909 0.626884 0.769737 0.999038
0 0.0539063 0.941667 0.107813 0.116667 0.0341206 0.922597 0.985552 0.014463 0.909232 0.690213 0 0 0.0491468 0.0982162 0.99433 0.990164
0 0.946094 0.620833 0.101562 0.0416667 0.950352 0.614003 0.995205 0.951252 0.623077 0.994302 0.950393 0.629071 0.980407 0.937513 0.605702 0.885581
0 0.419531 0.490278 0.0703125 0.125 0.422793 0.479073 0.999915 0.433541 0.503012 0.999967 0.442153 0.518724 0.999896 0.39778 0.436127 0.997019
0 0.24375 0.405556 0.065625 0.177778 0.238958 0.412238 0.998679 0.252566 0.452481 0.999439 0.263468 0.481065 0.998556 0.217907 0.332247 0.964463
0 0.188281 0.388889 0.0546875 0.15 0.195715 0.390126 0.999207 0.209061 0.413466 0.999209 0.219931 0.42802 0.996927 0.171142 0.340953 0.99215
0 0.946094 0.340278 0.107813 0.0861111 0.948821 0.33182 0.994917 0.958624 0.334419 0.990081 0.967507 0.334226 0.953312 0.921714 0.355714 0.983332
0 0.932813 0.351389 0.096875 0.108333 0.934724 0.345055 0.997931 0.942379 0.3374 0.997511 0.946943 0.332685 0.987999 0.904865 0.378111 0.911025
0 0.938281 0.627778 0.110937 0.05 0.947045 0.622856 0.983895 0.962463 0.630393 0.972531 0.972962 0.638011 0.922052 0.902544 0.622292 0.955319
0 0.208594 0.398611 0.0953125 0.163889 0.209744 0.391478 0.997542 0.227633 0.4114 0.998357 0.239952 0.432479 0.997083 0.171883 0.355457 0.976226
0 0.513281 0.0611111 0.0765625 0.122222 0.512711 0.0392084 0.980772 0.523176 0.0204676 0.934823 0.530069 0.012958 0.651512 0.487357 0.110815 0.959209
0 0.345313 0.380556 0.115625 0.0888889 0.356339 0.370465 0.998824 0.379885 0.361458 0.998871 0.397363 0.35434 0.995998 0.296371 0.402994 0.986398
