0 0.0796875 0.0597222 0.053125 0.102778 0.0812712 0.050228 0.999699 0.0883482 0.0752509 0.999817 0.0920102 0.0946294 0.998865 0.0685813 0.0116353 0.981585
0 0.290625 0.320833 0.0875 0.0694444 0.290364 0.310503 0.999392 0.306954 0.297754 0.999474 0.318971 0.291228 0.997004 0.248123 0.343814 0.988459
0 0.303906 0.511111 0.101562 0.0777778 0.311617 0.49752 0.99925 0.326102 0.487207 0.99928 0.338028 0.481512 0.996339 0.275909 0.523636 0.994411
0 0.657031 0.820833 0.0984375 0.0805556 0.654573 0.823778 0.999185 0.667158 0.825146 0.99947 0.677773 0.826143 0.996881 0.632472 0.821508 0.898695
0 0.15 0.134722 0.040625 0.136111 0.155375 0.129735 0.999103 0.154027 0.159211 0.999321 0.151262 0.179684 0.995955 0.152753 0.0758881 0.988918
0 0.946875 0.784722 0.078125 0.0694444 0.942896 0.778955 0.948576 0.928588 0.768109 0.87825 0.917909 0.759031 0.709793 0.967545 0.799073 0.993804
0 0.0296875 0.313889 0.05625 0.133333 0.0262844 0.309393 0.965424 0.0168718 0.289351 0.907835 0.00968472 0.268985 0.635402 0.0453477 0.352559 0.909861
0 0.579687 0.190278 0.05625 0.147222 0.579054 0.17992 0.998467 0.582796 0.192135 0.996508 0.583832 0.198006 0.962202 0.570262 0.15679 0.981957
0 0.158594 0.797222 0.0734375 0.388889 0.162301 0.79818 0.999779 0.149803 0.882842 0.999311 0.144886 0.951638 0.979264 0.186777 0.625477 0.990896
0 0.26875 0.183333 0.059375 0.0333333 0.268749 0.175247 0.995814 0.281161 0.175505 0.997889 0.290429 0.178865 0.992875 0.248083 0.184676 0.727068
0 0.0226563 0.869444 0.0453125 0.161111 0.0165437 0.87631 0.721028 0.0194432 0.871211 0.772103 0.0256115 0.858807 0.639223 0 0 0.265334
0 0.015625 0.726389 0.03125 0.136111 0 0 0.48351 0 0 0.486638 0 0 0.439893 0 0 0.484154
0 0.741406 0.136111 0.0484375 0.166667 0.743716 0.110292 0.9985 0.742187 0.0896328 0.997571 0.740602 0.0713548 0.974006 0.738211 0.200203 0.971708
0 0.345313 0.883333 0.05625 0.0888889 0.349129 0.89015 0.999356 0.348162 0.891108 0.999633 0.345922 0.885389 0.997131 0.345204 0.888539 0.690668
0 0.585938 0.804167 0.053125 0.0916667 0.593203 0.786114 0.995621 0.601022 0.780513 0.989575 0.607285 0.770656 0.956803 0.572605 0.790144 0.997983
0 0.226562 0.777778 0.059375 0.327778 0.227229 0.771864 0.999005 0.22413 0.849686 0.996999 0.221749 0.913393 0.917438 0.223798 0.631019 0.949657
0 0.0796875 0.0597222 0.053125 0.102778 0.0812712 0.050228 0.999699 0.0883482 0.0752509 0.999817 0.0920102 0.0946294 0.998865 0.0685813 0.0116353 0.981585 0.606596
0 0.290625 0.320833 0.0875 0.0694444 0.290364 0.310503 0.999392 0.306954 0.297754 0.999474 0.318971 0.291228 0.997004 0.248123 0.343814 0.988459 0.565557
0 0.303906 0.511111 0.101562 0.0777778 0.311617 0.49752 0.99925 0.326102 0.487207 0.99928 0.338028 0.481512 0.996339 0.275909 0.523636 0.994411 0.404878
0 0.657031 0.820833 0.0984375 0.0805556 0.654573 0.823778 0.999185 0.667158 0.825146 0.99947 0.677773 0.826143 0.996881 0.632472 0.821508 0.898695 0.328534
0 0.15 0.134722 0.040625 0.136111 0.155375 0.129735 0.999103 0.154027 0.159211 0.999321 0.151262 0.179684 0.995955 0.152753 0.0758881 0.988918 0.3074
0 0.946875 0.784722 0.078125 0.0694444 0.942896 0.778955 0.948576 0.928588 0.768109 0.87825 0.917909 0.759031 0.709793 0.967545 0.799073 0.993804 0.247127
0 0.0296875 0.313889 0.05625 0.133333 0.0262844 0.309393 0.965424 0.0168718 0.289351 0.907835 0.00968472 0.268985 0.635402 0.0453477 0.352559 0.909861 0.220467
0 0.579687 0.190278 0.05625 0.147222 0.579054 0.17992 0.998467 0.582796 0.192135 0.996508 0.583832 0.198006 0.962202 0.570262 0.15679 0.981957 0.177515
0 0.158594 0.797222 0.0734375 0.388889 0.162301 0.79818 0.999779 0.149803 0.882842 0.999311 0.144886 0.951638 0.979264 0.186777 0.625477 0.990896 0.161198
0 0.26875 0.183333 0.059375 0.0333333 0.268749 0.175247 0.995814 0.281161 0.175505 0.997889 0.290429 0.178865 0.992875 0.248083 0.184676 0.727068 0.148448
0 0.0226563 0.869444 0.0453125 0.161111 0.0165437 0.87631 0.721028 0.0194432 0.871211 0.772103 0.0256115 0.858807 0.639223 0 0 0.265334 0.144663
0 0.015625 0.726389 0.03125 0.136111 0 0 0.48351 0 0 0.486638 0 0 0.439893 0 0 0.484154 0.115376
0 0.741406 0.136111 0.0484375 0.166667 0.743716 0.110292 0.9985 0.742187 0.0896328 0.997571 0.740602 0.0713548 0.974006 0.738211 0.200203 0.971708 0.114911
0 0.345313 0.883333 0.05625 0.0888889 0.349129 0.89015 0.999356 0.348162 0.891108 0.999633 0.345922 0.885389 0.997131 0.345204 0.888539 0.690668 0.111259
0 0.585938 0.804167 0.053125 0.0916667 0.593203 0.786114 0.995621 0.601022 0.780513 0.989575 0.607285 0.770656 0.956803 0.572605 0.790144 0.997983 0.106242
0 0.226562 0.777778 0.059375 0.327778 0.227229 0.771864 0.999005 0.22413 0.849686 0.996999 0.221749 0.913393 0.917438 0.223798 0.631019 0.949657 0.101233
