0 0.578125 0.644444 0.128125 0.244444 0.588111 0.623581 0.999968 0.61122 0.576005 0.999912 0.628595 0.542561 0.997841 0.526275 0.75594 0.999289
0 0.801562 0.626389 0.09375 0.169444 0.806369 0.628116 0.999233 0.821483 0.661112 0.998693 0.831573 0.687077 0.986879 0.768212 0.55804 0.989934
0 0.671094 0.0319444 0.0828125 0.0638889 0.672926 0.0234559 0.997712 0.686833 0.0145057 0.993447 0.696596 0.00980763 0.903305 0.636555 0.0551227 0.852447
0 0.208594 0.754167 0.0640625 0.136111 0.207155 0.753704 0.998019 0.219994 0.786478 0.994092 0.228865 0.806298 0.905965 0.184271 0.690831 0.97612
0 0.674219 0.540278 0.0515625 0.213889 0.675587 0.527968 0.999454 0.677723 0.575856 0.999369 0.678788 0.613392 0.992451 0.664672 0.430037 0.962116
0 0.955469 0.865278 0.0421875 0.152778 0.957862 0.865576 0.995787 0.951193 0.898905 0.997207 0.946616 0.921374 0.988241 0.970781 0.797833 0.904764
0 0.860156 0.766667 0.0703125 0.0944444 0.855849 0.755062 0.998099 0.869934 0.775981 0.998599 0.880286 0.792548 0.990655 0 0 0.456069
0 0.578125 0.644444 0.128125 0.244444 0.588111 0.623581 0.999968 0.61122 0.576005 0.999912 0.628595 0.542561 0.997841 0.526275 0.75594 0.999289 0.79849
0 0.801562 0.626389 0.09375 0.169444 0.806369 0.628116 0.999233 0.821483 0.661112 0.998693 0.831573 0.687077 0.986879 0.768212 0.55804 0.989934 0.734361
0 0.671094 0.0319444 0.0828125 0.0638889 0.672926 0.0234559 0.997712 0.686833 0.0145057 0.993447 0.696596 0.00980763 0.903305 0.636555 0.0551227 0.852447 0.507973
0 0.208594 0.754167 0.0640625 0.136111 0.207155 0.753704 0.998019 0.219994 0.786478 0.994092 0.228865 0.806298 0.905965 0.184271 0.690831 0.97612 0.497297
0 0.674219 0.540278 0.0515625 0.213889 0.675587 0.527968 0.999454 0.677723 0.575856 0.999369 0.678788 0.613392 0.992451 0.664672 0.430037 0.962116 0.416979
0 0.955469 0.865278 0.0421875 0.152778 0.957862 0.865576 0.995787 0.951193 0.898905 0.997207 0.946616 0.921374 0.988241 0.970781 0.797833 0.904764 0.228531
0 0.860156 0.766667 0.0703125 0.0944444 0.855849 0.755062 0.998099 0.869934 0.775981 0.998599 0.880286 0.792548 0.990655 0 0 0.456069 0.110068
