0 0.527344 0.615278 0.0734375 0.213889 0.527468 0.605106 0.99978 0.519497 0.56151 0.999594 0.51154 0.531642 0.994857 0.550773 0.713287 0.997975
0 0.41875 0.398611 0.028125 0.158333 0.419761 0.401288 0.999548 0.421324 0.434196 0.999391 0.422288 0.458743 0.995704 0.419104 0.324305 0.998635
0 0.0257812 0.694444 0.0484375 0.0777778 0.0185895 0.692287 0.936688 0.0284436 0.697856 0.955715 0.0376514 0.703579 0.901835 0.0213408 0.682185 0.583788
0 0.848437 0.276389 0.075 0.119444 0.846659 0.282845 0.998873 0.831697 0.305415 0.998957 0.821513 0.320137 0.995704 0.880512 0.227064 0.996197
0 0.171875 0.709722 0.0375 0.141667 0.16916 0.711765 0.997904 0.167915 0.734587 0.998225 0.167257 0.753079 0.992884 0.176118 0.656709 0.993963
0 0.95 0.954167 0.1 0.0916667 0.968138 0.981559 0.973964 0.950106 0.988486 0.91 0 0 0.330435 0 0 0.0441754
0 0.15 0.905556 0.0375 0.15 0.1474 0.918774 0.991758 0.140665 0.955647 0.98827 0.132098 0.977368 0.95957 0.158506 0.830569 0.958893
0 0.258594 0.225 0.0390625 0.0944444 0.259773 0.213092 0.999475 0.257326 0.233955 0.999758 0.254195 0.247916 0.999032 0.264254 0.172496 0.99074
0 0.527344 0.615278 0.0734375 0.213889 0.527468 0.605106 0.99978 0.519497 0.56151 0.999594 0.51154 0.531642 0.994857 0.550773 0.713287 0.997975 0.704809
0 0.41875 0.398611 0.028125 0.158333 0.419761 0.401288 0.999548 0.421324 0.434196 0.999391 0.422288 0.458743 0.995704 0.419104 0.324305 0.998635 0.604805
0 0.0257812 0.694444 0.0484375 0.0777778 0.0185895 0.692287 0.936688 0.0284436 0.697856 0.955715 0.0376514 0.703579 0.901835 0.0213408 0.682185 0.583788 0.571981
0 0.848437 0.276389 0.075 0.119444 0.846659 0.282845 0.998873 0.831697 0.305415 0.998957 0.821513 0.320137 0.995704 0.880512 0.227064 0.996197 0.415071
0 0.171875 0.709722 0.0375 0.141667 0.16916 0.711765 0.997904 0.167915 0.734587 0.998225 0.167257 0.753079 0.992884 0.176118 0.656709 0.993963 0.251059
0 0.95 0.954167 0.1 0.0916667 0.968138 0.981559 0.973964 0.950106 0.988486 0.91 0 0 0.330435 0 0 0.0441754 0.228049
0 0.15 0.905556 0.0375 0.15 0.1474 0.918774 0.991758 0.140665 0.955647 0.98827 0.132098 0.977368 0.95957 0.158506 0.830569 0.958893 0.225215
0 0.258594 0.225 0.0390625 0.0944444 0.259773 0.213092 0.999475 0.257326 0.233955 0.999758 0.254195 0.247916 0.999032 0.264254 0.172496 0.99074 0.217144
