0 0.740625 0.272222 0.08125 0.15 0.744096 0.27858 0.999875 0.729757 0.307944 0.999907 0.717305 0.329819 0.99932 0.770975 0.208757 0.999192
0 0.769531 0.545833 0.0609375 0.219444 0.770311 0.556093 0.99948 0.766732 0.602856 0.999026 0.764204 0.636669 0.988223 0.781917 0.453692 0.996715
0 0.633594 0.776389 0.0421875 0.175 0.630743 0.796369 0.999251 0.631541 0.837816 0.998801 0.632869 0.866619 0.988017 0.635648 0.69269 0.998774
0 0.427344 0.158333 0.0859375 0.0833333 0.420275 0.151729 0.999716 0.405852 0.141081 0.999528 0.394386 0.133494 0.994038 0.455217 0.188132 0.994309
0 0.750781 0.120833 0.0734375 0.0583333 0.750105 0.116814 0.999875 0.764206 0.118907 0.999935 0.774382 0.122361 0.999626 0.721227 0.118866 0.991647
0 0.615625 0.227778 0.153125 0.0611111 0.628495 0.220217 0.999562 0.661774 0.223068 0.998645 0.68557 0.223446 0.974433 0.545955 0.227466 0.998996
0 0.785937 0.848611 0.05 0.152778 0.787139 0.851004 0.999665 0.780343 0.880552 0.999785 0.775291 0.899461 0.998732 0.801756 0.779667 0.990585
0 0.278125 0.0611111 0.0375 0.122222 0.277674 0.0528465 0.996035 0.274773 0.0810867 0.998174 0.271862 0.101391 0.992448 0.285121 0.00271911 0.636286
0 0.970312 0.0388889 0.05625 0.0777778 0.975385 0.0238721 0.970214 0.967459 0.0310834 0.969856 0.958962 0.0419671 0.836558 0 0 0.179011
0 0.635938 0.868056 0.046875 0.141667 0.64186 0.832266 0.997748 0.640389 0.861801 0.992747 0.638389 0.872759 0.912442 0.650646 0.759587 0.995153
