0 0.535156 0.505556 0.0578125 0.216667 0.539061 0.489183 0.999019 0.544261 0.448537 0.997531 0.547999 0.419315 0.972137 0.523361 0.603911 0.995459
0 0.954687 0.333333 0.0375 0.155556 0.955499 0.328857 0.998247 0.959844 0.367598 0.998501 0.962074 0.394426 0.990364 0.946822 0.257616 0.94817
0 0.510156 0.2125 0.0609375 0.163889 0.513863 0.201351 0.999173 0.503302 0.237466 0.999454 0.49386 0.267207 0.997273 0.535355 0.134651 0.992387
0 0.257031 0.927778 0.0921875 0.116667 0.263221 0.919308 0.999949 0.275608 0.931874 0.999981 0.284102 0.9383 0.999906 0.23774 0.881782 0.994237
0 0.350781 0.952778 0.120312 0.0944444 0.354323 0.963826 0.999541 0.322771 0.954995 0.998932 0.298879 0.942526 0.976334 0.417771 0.988984 0.949171
0 0.934375 0.0402778 0.084375 0.0805556 0.932293 0.0357319 0.931581 0.920566 0.0285103 0.83334 0.913819 0.0198008 0.537445 0.962849 0.0570191 0.919696
0 0.0453125 0.947222 0.0875 0.105556 0.0261682 0.93964 0.989021 0.0440473 0.950451 0.961094 0 0 0.423308 0 0 0.0328669
0 0.0570313 0.559722 0.114063 0.202778 0.0426888 0.556939 0.998351 0.0184375 0.530909 0.992218 0.00441644 0.508449 0.751185 0 0 0.276598
0 0.839063 0.322222 0.06875 0.0944444 0.840884 0.321419 0.997109 0.84199 0.323544 0.999192 0.842152 0.326495 0.996743 0 0 0.111164
0 0.339063 0.226389 0.05625 0.191667 0.339153 0.213662 0.999637 0.343862 0.25101 0.999581 0.34866 0.284868 0.997202 0.339482 0.142657 0.995427
0 0.784375 0.440278 0.034375 0.113889 0.785532 0.43817 0.998676 0.785319 0.44514 0.998846 0.784821 0.452289 0.995085 0.784754 0.43292 0.994937
