0 0.957812 0.111111 0.0625 0.0833333 0.955672 0.100078 0.999026 0.953167 0.105743 0.999157 0.951814 0.110254 0.995433 0.963666 0.0888262 0.987636
0 0.929688 0.427778 0.090625 0.161111 0.921687 0.404976 0.999785 0.925996 0.417098 0.999563 0.928768 0.42503 0.991409 0.922788 0.415027 0.977072
0 0.602344 0.163889 0.129688 0.0722222 0.612149 0.158433 0.997888 0.618173 0.159224 0.996975 0.623965 0.158715 0.978908 0.608258 0.161594 0.971385
0 0.226562 0.890278 0.071875 0.0861111 0.225233 0.89318 0.996446 0.241551 0.876651 0.99919 0.252704 0.870424 0.996921 0 0 0.0585651
0 0.840625 0.370833 0.05 0.0861111 0.840429 0.368517 0.998833 0.837804 0.37328 0.99918 0.834931 0.375829 0.996286 0.842492 0.354772 0.978247
0 0.957812 0.111111 0.0625 0.0833333 0.955672 0.100078 0.999026 0.953167 0.105743 0.999157 0.951814 0.110254 0.995433 0.963666 0.0888262 0.987636 0.238562
0 0.929688 0.427778 0.090625 0.161111 0.921687 0.404976 0.999785 0.925996 0.417098 0.999563 0.928768 0.42503 0.991409 0.922788 0.415027 0.977072 0.175396
0 0.602344 0.163889 0.129688 0.0722222 0.612149 0.158433 0.997888 0.618173 0.159224 0.996975 0.623965 0.158715 0.978908 0.608258 0.161594 0.971385 0.158376
0 0.226562 0.890278 0.071875 0.0861111 0.225233 0.89318 0.996446 0.241551 0.876651 0.99919 0.252704 0.870424 0.996921 0 0 0.0585651 0.145014
0 0.840625 0.370833 0.05 0.0861111 0.840429 0.368517 0.998833 0.837804 0.37328 0.99918 0.834931 0.375829 0.996286 0.842492 0.354772 0.978247 0.120391
