0 0.225 0.281944 0.0375 0.202778 0.226768 0.291699 0.999806 0.221727 0.344231 0.999742 0.217181 0.381271 0.996402 0.23849 0.173848 0.999084
0 0.415625 0.509722 0.06875 0.136111 0.411506 0.520595 0.999639 0.421055 0.492987 0.999858 0.427494 0.477677 0.999345 0.403268 0.586949 0.892975
0 0.902344 0.201389 0.0484375 0.0694444 0.902749 0.194566 0.99767 0.902394 0.201871 0.998676 0.902221 0.20825 0.994194 0.90914 0.185026 0.916732
0 0.397656 0.691667 0.126563 0.266667 0.395118 0.664575 0.999893 0.380857 0.601869 0.999739 0.37071 0.555803 0.987219 0.428657 0.813514 0.867194
0 0.445312 0.3125 0.046875 0.108333 0.446531 0.312693 0.992006 0.447824 0.334426 0.991576 0.446695 0.349314 0.975287 0.438599 0.27024 0.937524
0 0.797656 0.127778 0.145313 0.244444 0.808067 0.116148 0.99997 0.831043 0.168565 0.999848 0.846679 0.205557 0.98632 0.757456 0.021933 0.991966
0 0.230469 0.247222 0.0296875 0.133333 0.227246 0.260664 0.99804 0.225359 0.29137 0.995807 0.226034 0.312994 0.978604 0.2376 0.18497 0.996415
0 0.258594 0.504167 0.0828125 0.0861111 0.266525 0.499823 0.999382 0.279727 0.514494 0.999727 0.287987 0.528662 0.999035 0.242178 0.467478 0.962981
0 0.861719 0.858333 0.0734375 0.177778 0.862465 0.879132 0.999767 0.874618 0.914086 0.999687 0.882909 0.939303 0.996525 0.833595 0.796086 0.998851
0 0.225 0.281944 0.0375 0.202778 0.226768 0.291699 0.999806 0.221727 0.344231 0.999742 0.217181 0.381271 0.996402 0.23849 0.173848 0.999084 0.519393
0 0.415625 0.509722 0.06875 0.136111 0.411506 0.520595 0.999639 0.421055 0.492987 0.999858 0.427494 0.477677 0.999345 0.403268 0.586949 0.892975 0.404967
0 0.902344 0.201389 0.0484375 0.0694444 0.902749 0.194566 0.99767 0.902394 0.201871 0.998676 0.902221 0.20825 0.994194 0.90914 0.185026 0.916732 0.332101
0 0.397656 0.691667 0.126563 0.266667 0.395118 0.664575 0.999893 0.380857 0.601869 0.999739 0.37071 0.555803 0.987219 0.428657 0.813514 0.867194 0.253685
0 0.445312 0.3125 0.046875 0.108333 0.446531 0.312693 0.992006 0.447824 0.334426 0.991576 0.446695 0.349314 0.975287 0.438599 0.27024 0.937524 0.247731
0 0.797656 0.127778 0.145313 0.244444 0.808067 0.116148 0.99997 0.831043 0.168565 0.999848 0.846679 0.205557 0.98632 0.757456 0.021933 0.991966 0.140434
0 0.230469 0.247222 0.0296875 0.133333 0.227246 0.260664 0.99804 0.225359 0.29137 0.995807 0.226034 0.312994 0.978604 0.2376 0.18497 0.996415 0.128733
0 0.258594 0.504167 0.0828125 0.0861111 0.266525 0.499823 0.999382 0.279727 0.514494 0.999727 0.287987 0.528662 0.999035 0.242178 0.467478 0.962981 0.122539
0 0.861719 0.858333 0.0734375 0.177778 0.862465 0.879132 0.999767 0.874618 0.914086 0.999687 0.882909 0.939303 0.996525 0.833595 0.796086 0.998851 0.107855
