0 0.260156 0.6625 0.0609375 0.152778 0.259799 0.667327 0.998804 0.269113 0.701525 0.997866 0.273886 0.724461 0.975056 0.235347 0.59567 0.993222
0 0.45625 0.434722 0.078125 0.275 0.455924 0.438272 0.999767 0.453203 0.499151 0.999335 0.451637 0.545179 0.979702 0.465176 0.324695 0.975157
0 0.534375 0.718056 0.065625 0.113889 0.541582 0.708768 0.999357 0.530573 0.686886 0.999501 0.519301 0.674846 0.996684 0.566376 0.767454 0.964929
0 0.441406 0.820833 0.0421875 0.102778 0.445675 0.809832 0.999023 0.448791 0.802163 0.99829 0.450585 0.794816 0.988706 0.4297 0.846134 0.999266
0 0.604688 0.0777778 0.084375 0.155556 0.603574 0.0663012 0.998286 0.587798 0.10253 0.998183 0.576534 0.129839 0.978665 0.636423 0.00424081 0.658911
0 0.535937 0.925 0.1 0.15 0.539969 0.918276 0.999612 0.52319 0.949684 0.998943 0.50785 0.968065 0.96643 0.563479 0.860712 0.965134
0 0.404687 0.134722 0.0875 0.191667 0.409084 0.134216 0.999637 0.423106 0.17528 0.999629 0.431426 0.20461 0.994663 0.376382 0.0520058 0.945589
0 0.769531 0.634722 0.101562 0.108333 0.769951 0.631969 0.998169 0.785734 0.649145 0.990752 0.79547 0.657409 0.863362 0.725604 0.590541 0.995761
0 0.260156 0.6625 0.0609375 0.152778 0.259799 0.667327 0.998804 0.269113 0.701525 0.997866 0.273886 0.724461 0.975056 0.235347 0.59567 0.993222 0.753121
0 0.45625 0.434722 0.078125 0.275 0.455924 0.438272 0.999767 0.453203 0.499151 0.999335 0.451637 0.545179 0.979702 0.465176 0.324695 0.975157 0.684062
0 0.534375 0.718056 0.065625 0.113889 0.541582 0.708768 0.999357 0.530573 0.686886 0.999501 0.519301 0.674846 0.996684 0.566376 0.767454 0.964929 0.543979
0 0.441406 0.820833 0.0421875 0.102778 0.445675 0.809832 0.999023 0.448791 0.802163 0.99829 0.450585 0.794816 0.988706 0.4297 0.846134 0.999266 0.431498
0 0.604688 0.0777778 0.084375 0.155556 0.603574 0.0663012 0.998286 0.587798 0.10253 0.998183 0.576534 0.129839 0.978665 0.636423 0.00424081 0.658911 0.363728
0 0.535937 0.925 0.1 0.15 0.539969 0.918276 0.999612 0.52319 0.949684 0.998943 0.50785 0.968065 0.96643 0.563479 0.860712 0.965134 0.252839
0 0.404687 0.134722 0.0875 0.191667 0.409084 0.134216 0.999637 0.423106 0.17528 0.999629 0.431426 0.20461 0.994663 0.376382 0.0520058 0.945589 0.155415
0 0.769531 0.634722 0.101562 0.108333 0.769951 0.631969 0.998169 0.785734 0.649145 0.990752 0.79547 0.657409 0.863362 0.725604 0.590541 0.995761 0.111728
